560605121529147392
560605130719240192
560605143528271872
560605146250756098
560605190882349056
560605199086407680
560605211354337280
560605226508353539
560605233156337664
560605238214656000
560605240240513024
560605249413857281
560605250038796288
560605251225812992
560605261610905600
560605264903417856
560605270653820928
560605275728523264
560605292451606528
560605297677320192
560605298948587520
560605317374173185
560605354573041664
560605355466842113
560605358209900544
560605377784733697
560605383987712000
560605393680736259
560605395190689793
560605395710799873
560605417164640256
560605430809133057
560605432805220352
560605435057930240
560605442103980032
560605450098319360
560605480687374336
560605481149145088
560605494000107522
560605495703384065
560605502422269952
560605504540405760
560605512195010560
560605520110026752
560605523889106944
560605524056473601
560605534017953792
560605534299377664
560605538233630720
560605546303066112
560605550522548224
560605557049286657
560605562870968321
560605572970860545
560605576657649664
560605586237431808
560605593874866176
560605597276848128
560605599881519105
560605613093175296
560605613848162305
560605615068700673
560605616280842240
560605629703004160
560605632668381184
560605638510641153
560605641622843393
560605645368745984
560605662313328641
560605672656879617
560605687886401536
560605744069115904
560605744467173376
560605746275291136
560605751014457344
560605757138169856
560605757998399488
560605760212594688
560605764826316801
560605765199613952
560605771038490624
560605778093301760
560605784208572416
560605786699988992
560605802432847873
560605805771493376
560605805917913089
560605808757858304
560605816152023040
560605825849630721
560605829993615361
560605842488451073
560605847429332993
560605853464526848
560605864495554560
560605866962198528
560605867624517634
560605871496249344
560605893645971456
560605905264599040
560605913757667328
560605915280605184
560605946510970881
560605947824201729
560605974453813249
560605982170959873
560605996427784192
560606006145597441
560606012734832640
560606014823612417
560606018678583296
560606019035078656
560606032318062592
560606039037710336
560606039150960640
560606060525129729
560606062169300992
560606071404756992
560606072176513024
560606081638887424
560606091675856896
560606092468957184
560606100312322049
560606110244438016
560606110361452546
560606122101702656
560606126316613632
560606166255157250
560606191156736000
560606206386253824
560606213390749696
560606231966928896
560606236492959746
560606251676360705
560606252422545408
560606256348807168
560606267069431810
560606268096643074
560606273901576192
560606274966941699
560606283925962752
560606295049633793
560606297859833859
560606298275082242
560606302284423168
560606318344806400
560606319863140352
560606322589433856
560606327438065664
560606329522638848
560606331590410240
560606334199283712
560606356227776512
560606368605171712
560606375173029890
560606392029966336
560606392428789760
560606392709443585
560606395272560640
560606417464619008
560606438608109570
560606439488487424
560606441267265537
560606442735271936
560606463975231489
560606505183879168
560606511060508672
560606512591417344
560606525530447873
560606526969495552
560606529137938435
560606539112001536
560606542475833345
560606555381694464
560606558686810112
560606559504318464
560606560251285505
560606573299392512
560606598691696640
560606599241138176
560606616081281025
560606618602438657
560606619898499074
560606633798037506
560606670213353474
560606690572529665
560606702148812800
560606715067269120
560606717054967808
560606736042958848
560606737775226880
560606743361642496
560606744905531392
560606756209197057
560606761162268672
560606767361847296
560606770331021312
560606776148885504
560606778778329088
560606779692699648
560606781450514432
560606788811517952
560606806058102785
560606806540840960
560606818175823872
560606826606387201
560606827243925504
560606834361241600
560606838819803137
560606846055374849
560606850698448896
560606914292092928
560606918708715520
560606923079565312
560606937617018883
560606938522988544
560606942163636225
560606943874932738
560606963109990400
560606963193495553
560606963772297216
560606964833849347
560606980729888769
560606981895909376
560607014859317248
560607018764222464
560607025306939393
560607026481741824
560607038854557696
560607040121614336
560607041073340418
560607050586013700
560607053903716352
560607060123869184
560607064469557248
560607066876686336
560607079124443136
560607084317011971
560607107725393921
560607108949757952
560607114541162497
560607121948286977
560607125114597376
560607125609910272
560607126427406336
560607135394836481
560607136343154689
560607138054406145
560607150419247104
560607164922728451
560607174498328578
560607181150908416
560607210624258049
560607219478040577
560607239656837120
560607244719374336
560607265284435968
560607271349391360
560607274050543617
560607275732434946
560607276969779201
560607286985773056
560607287518035971
560607293331767298
560607295365607424
560607295512379392
560607300185260032
560607315972222976
560607320799858688
560607331990253568
560607337618997248
560607338751881216
560607355201937409
560607363192094720
560607369152196608
560607385879060480
560607391343841280
560607401456308224
560607403440623617
560607417608994818
560607419525775360
560607420666634240
560607431462768640
560607440258207744
560607455780950017
560607455806099456
560607457269915649
560607461418475521
560607462316077056
560607470272671744
560607485191786497
560607500056027136
560607515100999680
560607518297059329
560607519136301057
560607524714328064
560607525272178688
560607526774145024
560607560848658432
560607583510491137
560607587414970370
560607601046454272
560607603072696320
560607612404649985
560607626426609664
560607636266418178
560607645959462912
560607654645493760
560607666503168000
560607671233953792
560607687336263680
560607689529909248
560607689567662081
560607693183127553
560607693938114560
560607695745458176
560607698774151169
560607710060609537
560607721826054144
560607751253278720
560607751714656256
560607754789085186
560607764154564608
560607771909820416
560607776997519360
560607780282068992
560607790100934657
560607792458125312
560607799697092609
560607809877073920
560607829326036993
560607831074676739
560607852511772672
560607861823533058
560607866747224064
560607869280997377
560607873588535296
560607874167345153
560607874779344896
560607897013719040
560607907968843776
560607915988377601
560607920493432833
560607922888380416
560607929796009984
560607991121338368
560607993650110464
560608007986229248
560608021790093312
560608026995212289
560608031642492928
560608039858733057
560608042816126976
560608054127759360
560608077192241153
560608079566233600
560608091654217729
560608107483889664
560608139700342785
560608162395746304
560608170876620800
560608188089643009
560608214623215620
560608215499427840
560608218586435585
560608219232366592
560608234411941888
560608235418165248
560608250933301250
560608251386269696
560608254355845120
560608266296643584
560608277428711424
560608287217836032
560608292142333954
560608297955250176
560608303223279616
560608304682901505
560608311595134976
560608323457019904
560608346001399809
560608346076487680
560608366599225344
560608378527817728
560608397091803137
560608401378783232
560608402473500673
560608421914116096
560608430864334849
560608431443558403
560608435583332352
560608457934372864
560608470836469760
560608486795771904
560608487475257344
560608515908448256
560608516944453632
560608536279797763
560608540734537728
560608542604795904
560608544299294720
560608545486303232
560608546400661504
560608550028722176
560608556584828929
560608558841356288
560608575257841664
560608593905348608
560608607788879872
560608614079930368
560608623630757888
560608638122065920
560608640621903873
560608661634965505
560608661714636802
560608661870219264
560608669339885568
560608676256681984
560608701678362624
560608718572634112
560608719281852416
560608728966508544
560608739729104896
560608740357861377
560608751644704768
560608758192427009
560608771970699264
560608772352385024
560608778186678272
560608780560654336
560608786834944000
560608791939383296
560608793256423425
560608799472766977
560608800965922817
560608846096633856
560608849619845121
560608849816985600
560608850983006212
560608852479995904
560608854078390272
560608862395305984
560608875830050818
560608876148826113
560608887452479489
560608902568366080
560608904686874624
560608914979319808
560608917685039104
560608928917377024
560608931009921024
560608940443316224
560608940527218688
560608942871425025
560608952811925504
560608963373596672
560608971426660352
560608998194302976
560608998769295360
560609005991505920
560609016599302144
560609018712817664
560609020852322306
560609024690110464
560609047750012929
560609072492195841
560609111579299840
560609116838576130
560609133557075968
560609145146318848
560609153098330113
560609154989973504
560609172841328640
560609176443822080
560609223537885184
560609226821599232
560609230370373633
560609240738299904
560609245909889024
560609285835456512
560609309927550976
560609312167706625
560609317746122752
560609324431839232
560609384179707905
560609386478206976
560609400399101952
560609404710449152
560609413728202752
560609421462482945
560609423228297216
560609431704977408
560609431889510400
560609435467276289
560609443079942144
560609453297664001
560609454299693057
560609464282542080
560609473962991616
560609485304393728
560609496725065728
560609519957704705
560609524889841664
560609540056424448
560609546733772800
560609559556141056
560609560113975296
560609570645901312
560609578132733954
560609584990396416
560609585841455104
560609610113900544
560609617453920257
560609618976841728
560609629315399680
560609629789782016
560609634260496385
560609641084616704
560609646080430080
560609650752495616
560609652673875968
560609658675539968
560609685586182146
560609697661997057
560609699477745664
560609701352579073
560609707446902784
560609711909650433
560609722655469568
560609727659261954
560609728598769667
560609746072248320
560609746596552705
560609776821080065
560609777588633600
560609790775541764
560609792331628545
560609794273198080
560609814745604097
560609816994140161
560609817027293184
560609825566904320
560609829215928320
560609842919116800
560609843162390528
560609846458728448
560609847868407808
560609872916774914
560609878436114432
560609887349391360
560609907355820032
560609926306091010
560609930710093826
560609937890369536
560609949512765440
560609950129324033
560609950305484801
560609952872800258
560609960640258049
560609979439546370
560609983952195585
560609985705836544
560610006006267904
560610022820818945
560610040692740096
560610055674802176
560610063862476800
560610077112303618
560610079263956992
560610083248537600
560610087728087040
560610090743377921
560610092622434305
560610124793139200
560610127812640769
560610128550830081
560610154853326850
560610162193354752
560610186340352001
560610194838007808
560610198109556737
560610199472332802
560610206824923136
560610207764447232
560610224286220289
560610229495537665
560610230942580736
560610235505987584
560610252282810368
560610255047254016
560610257253040128
560610269714337793
560610278568493056
560610281957900288
560610285414010880
560610294058057729
560610301490778112
560610306058362881
560610310717845505
560610313905905664
560610317047042049
560610321753444353
560610328879181824
560610350874521600
560610353122246656
560610357614350336
560610373871874049
560610377466408960
560610398781857793
560610403047444480
560610404888756224
560610410995679233
560610435863703552
560610441861545984
560610465412546560
560610479773462528
560610502645411841
560610512581718017
560610520055549954
560610520294637568
560610524631552000
560610547427971073
560610564377161728
560610577974714368
560610582211350528
560610585088622592
560610594076647425
560610610992676864
560610626284703744
560610630667751424
560610631254949889
560610638704025601
560610657339326465
560610669876482048
560610682962341889
560610685596753922
560610689942048769
560610690000384000
560610693116747776
560610721277288448
560610725358747648
560610727141326849
560610741817208832
560610745394544640
560610747575590913
560610754756632576
560610761949843456
560610767570235392
560610768807542785
560610774708932609
560610783034228737
560610783751831553
560610790705610752
560610791200923648
560610791427411970
560610792580841473
560610802575478785
560610808062046208
560610812637618176
560610813518827521
560610820220932096
560610823454748673
560610823908126720
560610824147185665
560610824923131905
560610838633910272
560610839850266624
560610843986235392
560610845080961025
560610849195569153
560610850147287040
560610856954634240
560610860297883649
560610863950737408
560610864441483266
560610874340438017
560610875380629504
560610882867458048
560610885274972160
560610897199001600
560610899430756353
560610904283549696
560610906925977600
560610911942361088
560610914345287680
560610915914379264
560610921987338240
560610923254382592
560610937191665665
560610942308724736
560610942825037824
560610946042048513
560610950102151168
560610982440214528
560610985359077376
560610988081156096
560610996562460672
560611004711960577
560611006884622336
560611013822021632
560611016673742849
560611035640365059
560611042938880001
560611043458965504
560611045166043137
560611047485079552
560611058852036608
560611060617461760
560611065881706496
560611074928816128
560611076661067776
560611084319457280
560611095644491777
560611095937683456
560611096982482945
560611102170820608
560611103390973952
560611106528714752
560611155279110144
560611175881535490
560611181086269440
560611191202930688
560611193854111745
560611194159910912
560611226799972352
560611229920550914
560611254541103106
560611255283888129
560611257100021761
560611269699334144
560611274594463744
560611285612503040
560611292663144448
560611316843704320
560611322099171329
560611326049792000
560611329531076610
560611339295391744
560611344085704704
560611359834898432
560611361961418752
560611362548621312
560611362552819713
560611369410908160
560611374884081664
560611396736409601
560611406978875392
560611412373151744
560611416038993922
560611428101414912
560611442303307776
560611447370043392
560611452545806336
560611454530097153
560611486012174337
560611492106481664
560611518568337410
560611518942019586
560611536327417857
560611545361551360
560611548683841536
560611559332794369
560611571215630337
560611585614307328
560611588424474625
560611600248217600
560611608251359232
560611622180626433
560611626916007937
560611630858661889
560611633601323008
560611636961357827
560611644028370944
560611647614509056
560611658184548352
560611665092550656
560611673321771008
560611675834159106
560611690598113280
560611691176939521
560611691210104833
560611692053536768
560611696663085057
560611699427135488
560611705794101250
560611716263063552
560611732717322240
560611739382083584
560611757576577024
560611763863838721
560611764618805250
560611776904318976
560611791118819328
560611807975727104
560611820730593281
560611820893794304
560611821418446848
560611825641721856
560611826770399233
560611829739966464
560611829953490944
560611831757025282
560611835489947649
560611837868142594
560611845128863744
560611845674119169
560611848395825152
560611851730305025
560611856021463040
560611861482467329
560611866473693184
560611870638215168
560611871779069952
560611888124690432
560611891299360768
560611903659982848
560611915370487808
560611920353701889
560611924149534721
560611929878958080
560611930059309057
560611933246996482
560611934689853440
560611946702319618
560611954809909248
560611956596682754
560611971461316608
560611975047049217
560611978578636800
560611979635605505
560611995511042048
560612002981105665
560612006773141504
560612014209646593
560612039249252353
560612039560024064
560612044832251904
560612046568689667
560612062150541313
560612064776179712
560612069032988672
560612077224878080
560612081850789888
560612094912249858
560612098959753216
560612100830031873
560612107171811328
560612122741440512
560612129431379968
560612129976631297
560612134846234624
560612136024412160
560612152805822464
560612161580724224
560612177485496320
560612187157192705
560612188138651648
560612200696807424
560612212692504577
560612223169486848
560612233814634496
560612253775716353
560612267989811200
560612278983081984
560612280791232513
560612290387386368
560612294787608576
560612297669107712
560612303964352513
560612306284208128
560612313854902273
560612323019067393
560612323958603777
560612335665287168
560612342816579585
560612344016175104
560612356481220608
560612358956253186
560612362399809539
560612363075063808
560612368946692096
560612401272606720
560612401955880961
560612418842140672
560612424081244162
560612429785485313
560612440350539776
560612451377770498
560612451415097344
560612453155749888
560612456138297344
560612469043761153
560612489360994304
560612501797486593
560612515408011265
560612518033231872
560612565315620864
560612569535102977
560612580461645824
560612584227733505
560612616838852608
560612619564752896
560612623801008128
560612627752050688
560612632286494720
560612639974641666
560612654301999104
560612657703964673
560612671830388737
560612692327530499
560612697331736577
560612709259956226
560612718068391936
560612737412501504
560612739362480130
560612742919254016
560612751400132609
560612752499433472
560612754659090433
560612754835644418
560612757595095040
560612758480490498
560612765115895808
560612765304233986
560612782421573632
560612785336639489
560612790390751233
560612795499438080
560612819427540992
560612826297823232
560612864520495105
560612868585189376
560612873118814208
560612873311752192
560612874549481472
560612928752463872
560612964328153088
560612964902772736
560612966429511680
560612976260952064
560612977628307456
560612980308860928
560612992891383809
560613008695496704
560613013120487424
560613018413715456
560613026311585792
560613029008523264
560613045622149120
560613056913633280
560613056938385408
560613060361322497
560613062755893248
560613062873341953
560613076576530434
560613081437712385
560613118284693505
560613120561795072
560613130485907456
560613159552425984
560613163121389570
560613169698050050
560613170155626496
560613198647549952
560613222076538880
560613226720026624
560613237918793729
560613248379404289
560613252980146176
560613254788313088
560613266661986305
560613267622866944
560613279446216704
560613283284410369
560613286606303232
560613296592941057
560613316725182464
560613318621016064
560613319133102081
560613322878226432
560613324183052289
560613329568542720
560613339639070722
560613340763131904
560613347901837313
560613351688912896
560613359335534592
560613372136546306
560613387668045824
560613393963311105
560613401647276032
560613413366554625
560613426745991168
560613436157984768
560613438456868864
560613451115274240
560613466307043328
560613470878441472
560613472086421505
560613489619005440
560613493724831744
560613499106516993
560613525559603200
560613548565360640
560613600579293184
560613600935440386
560613606325501954
560613610075226113
560613616685432832
560613631541264384
560613638638436352
560613642132291584
560613643121721345
560613656095100928
560613659282800640
560613664282009601
560613687409774592
560613692489093120
560613692618719232
560613696708546561
560613697647689729
560613700164272129
560613706841993218
560613715746508801
560613717780733952
560613726588370945
560613735816232963
560613739125538816
560613744590716928
560613751549095936
560613753763291136
560613772335669250
560613791843778560
560613797371850752
560613819882291200
560613820641456128
560613824647426049
560613834197848064
560613847556292608
560613865105272832
560613875180371968
560613876421885952
560613877562769408
560613880934981633
560613889264463872
560613894129856512
560613895652794369
560613905350000641
560613909020041216
560613915806412802
560613922999640064
560613928212758528
560613931405033472
560613938501410816
560613944205639680
560613957485228032
560613968310730753
560613977541967872
560613991740108800
560613997724987392
560614004863680513
560614012950683648
560614019665768450
560614028846714880
560614030079836160
560614031095259137
560614035637686273
560614038376566784
560614048212217858
560614055250231296
560614057255137280
560614060224704513
560614071276285952
560614075621982208
560614085620813824
560614089731633154
560614091492827136
560614095796596738
560614098925146112
560614102935285761
560614104482586625
560614108840882176
560614140138758146
560614144542781440
560614168558977024
560614181309669376
560614188763348993
560614199026778112
560614205284700160
560614213295816704
560614214583074816
560614218513534977
560614222892396545
560614224083582976
560614238717091842
560614250851627008
560614259969634304
560614286720917504
560614288088645632
560614292228440065
560614295176634368
560614296950804481
560614309764415489
560614326370066432
560614336969080832
560614337325174784
560614337971507200
560614349148934144
560614351715831808
560614351720026112
560614355235274753
560614358737506304
560614374747156481
560614380795346944
560614384053923840
560614388781301760
560614416438153216
560614429373370368
560614430502047744
560614442920988672
560614450839838720
560614460952698880
560614485183176704
560614500915621888
560614509673721857
560614513485959169
560614526480293888
560614526970630144
560614544566145024
560614560617357312
560614560848412672
560614562999726080
560614563171663873
560614563750486017
560614568091602944
560614570197123072
560614570935320576
560614573363826688
560614574412419072
560614575528476672
560614578095017984
560614579420422146
560614581182029824
560614583493087232
560614584445186048
560614586085158912
560614588035502080
560614589641940992
560614589977464832
560614594062729217
560614599872225280
560614608256262145
560614615290503168
560614625084211201
560614626971627521
560614628724469762
560614631245615105
560614631665041408
560614634773020675
560614641878179840
560614643140681728
560614648366768130
560614655211896833
560614656822501376
560614665785729024
560614670214516737
560614677026451456
560614690540519426
560614726590529536
560614746719014912
560614754163503105
560614774753341440
560614777094160384
560614782491840512
560614784123822080
560614805225369600
560614810383970304
560614820962373632
560614826444341248
560614834258317312
560614836799668224
560614870773927936
560614876176187392
560614879300571137
560614889090473984
560614889832861696
560614891346993153
560614900754436097
560614902327701504
560614902625103872
560614903161958400
560614904408080385
560614907012317184
560614908354904065
560614918290800640
560614936809050112
560614950386036736
560614959458299905
560614980249079808
560614989715615744
560614990332571650
560615003862994944
560615008078659584
560615038663540736
560615072569909248
560615077737295873
560615090269851649
560615092363198464
560615103561601024
560615109685305345
560615109698265088
560615124915191809
560615181068537857
560615187515199488
560615192979988481
560615194317971456
560615209279045632
560615209992089601
560615237959700482
560615248106110976
560615272311058432
560615274097815552
560615286874050560
560615300463611904
560615311532367872
560615314207944704
560615318452965376
560615331002347520
560615333778976769
560615344906047488
560615349138096128
560615356654686209
560615356771737601
560615364057628673
560615366989459457
560615403723161600
560615407313510400
560615429576470528
560615441702195200
560615448048582656
560615455249821696
560615455388233728
560615460442353664
560615467950149632
560615474179084288
560615483288727552
560615484476116992
560615501341007872
560615508543021056
560615517468504064
560615519729246209
560615524527513600
560615541623111680
560615542881402880
560615549479428097
560615551530463232
560615551668457472
560615553027825664
560615571814109184
560615583008305152
560615589576974336
560615594110644224
560615594672672769
560615599555223552
560615604889985024
560615612204867584
560615612368420864
560615621264568320
560615626990157824
560615628625960960
560615633894014976
560615638193164288
560615643167219712
560615645004697600
560615645340262402
560615650469494784
560615651006750723
560615654416736256
560615664143331330
560615720070180864
560615741805039617
560615753763004416
560615754195038208
560615754760859648
560615754987343872
560615764928262144
560615768304652288
560615770753728514
560615793084608512
560615795030781953
560615822541225984
560615823031943168
560615824109871104
560615825443680257
560615827591168000
560615832578195456
560615843545890817
560615852798918656
560615863217573888
560615875187724288
560615880250630145
560615881214930944
560615889217650689
560615893689196545
560615895547260928
560615896159641601
560615900811100160
560615905919774721
560615907785854976
560615910403506177
560615910747435008
560615914471583744
560615922969632769
560615932226441216
560615934294233088
560615935300866049
560615946919088128
560615959463854081
560615964857741312
560615977730068480
560615983296311297
560615998290550784
560616010597031936
560616015416291328
560616024761204737
560616038643949569
560616040904671232
560616048232529920
560616051634077698
560616055736111104
560616085418827777
560616090385268736
560616095619772418
560616100451209218
560616103064641536
560616103890944000
560616108219064321
560616109481533440
560616114183766016
560616125008859138
560616173122093056
560616177324421120
560616180575395840
560616183284498432
560616189492494339
560616199651069953
560616229648736256
560616233360310272
560616245527973889
560616246098804736
560616249558716416
560616270643863552
560616295004000256
560616295440203776
560616298368233472
560616310225137665
560616314084261888
560616316097548289
560616325287251969
560616326629449728
560616332992184322
560616334170816513
560616334955139072
560616335827562498
560616347994828800
560616349354164226
560616352314970112
560616355418734592
560616367640956929
560616375459520512
560616376667484160
560616387492995074
560616404874199040
560616405431640064
560616411228536833
560616419021578241
560616430551318528
560616441410764803
560616442098630656
560616446300938240
560616476369883136
560616480442961922
560616491796934656
560616492103131136
560616498276737024
560616500521107458
560616503146741761
560616525317816321
560616533018173440
560616537103400960
560616543336534016
560616553994268673
560616564614234112
560616565515620352
560616569207009282
560616570792071169
560616584621064192
560616584944050178
560616591306395649
560616594406387712
560616609916915714
560616612664184832
560616619400241152
560616622168100866
560616624957308929
560616648840052736
560616650362601473
560616657115041792
560616668234514432
560616685573791744
560616695669092352
560616709782904833
560616718301945857
560616718746148864
560616719840858113
560616739621199872
560616740313239552
560616749561692161
560616753148219392
560616759821357056
560616763914993665
560616777051148288
560616787449221124
560616789051445248
560616806470418432
560616811851677696
560616812098760704
560616812434292736
560616829278642176
560616831585505280
560616837491093505
560616837952438273
560616842033512448
560616844802150400
560616848421834753
560616866897752064
560616870983000065
560616872056725505
560616895192530944
560616909604126720
560616913668431872
560616913806839809
560616915542892544
560616928834633728
560616932852772865
560616938192138240
560616938649690112
560616939186167808
560616952117604352
560616965497040897
560616977115668482
560616981838045184
560616991635955712
560617020006608896
560617026553516032
560617040650969088
560617045986140162
560617048116441088
560617054487982080
560617060561346560
560617066999603200
560617070904492032
560617076138999808
560617080534622209
560617080949833728
560617085655867393
560617086406651905
560617087983710209
560617088717316098
560617089283915776
560617089698783232
560617091196153856
560617099979403264
560617104026923009
560617111085936640
560617116307849216
560617121076764672
560617128114786305
560617132673998848
560617147597324288
560617149866070016
560617158246293504
560617178748436481
560617184792031232
560617190479511553
560617201406054400
560617203981369345
560617221433479170
560617233169149952
560617234750791681
560617243730776065
560617254891823104
560617271802867713
560617275040886784
560617300752338944
560617307047616512
560617327923044354
560617332129927168
560617336848146432
560617340425875456
560617341860339712
560617342879948800
560617344842481664
560617351255953408
560617351469858817
560617353751166976
560617367617941505
560617370360635392
560617371342086146
560617372780736513
560617387888611328
560617388019056640
560617389373419521
560617394633474049
560617401062920192
560617437536985088
560617438283190272
560617441990963201
560617444192960512
560617452577370112
560617462845034496
560617462887383040
560617464405716992
560617467840827392
560617474958176256
560617478389514240
560617482701266946
560617487696277504
560617491307962368
560617511276658689
560617513403551744
560617522618040322
560617534307958784
560617543740948481
560617544852058112
560617550263119872
560617552213458946
560617566604111874
560617574971764736
560617578406895616
560617592314814464
560617594281918465
560617596853047296
560617597125656576
560617609583149056
560617614201077761
560617618810630147
560617626645590016
560617658958508033
560617663110459392
560617666021707776
560617687538466816
560617692571648000
560617696958885888
560617700100026369
560617706898997248
560617712955961344
560617718576345089
560617730043555841
560617747336278017
560617763396284416
560617764449054720
560617767523876865
560617769176420352
560617779905437697
560617782627143680
560617791640727552
560617793952178176
560617796669698050
560617797579862016
560617798267703296
560617798922039296
560617799647637505
560617801807712256
560617812327018497
560617816533921792
560617825669115906
560617830010609664
560617830136020992
560617847894716416
560617859651743746
560617862180519936
560617865942822912
560617892409266176
560617893885644800
560617896335122432
560617898398715905
560617906527281154
560617906841473024
560617919324127233
560617942589505536
560617961212641282
560617978988081152
560617984071192576
560618006540451840
560618009585541121
560618049959903233
560618064157241344
560618075033464834
560618086941081600
560618094834745345
560618096734777344
560618103046811648
560618109069848576
560618111141822464
560618112186216449
560618115420418048
560618125096284161
560618127512195072
560618130641149953
560618133975990272
560618135922171905
560618144935321601
560618148970258433
560618175524769793
560618182973861889
560618185305505793
560618186031128578
560618189277900800
560618191060090880
560618198014255105
560618199410937856
560618203630817280
560618216158806017
560618222202785792
560618223926669312
560618228385206272
560618230575009792
560618232777043969
560618233829396480
560618236836724736
560618244910759936
560618253991825409
560618285281329152
560618300909318145
560618313403740160
560618317732642816
560618325513101312
560618333683613696
560618337945026560
560618338813227008
560618339467141120
560618345041776640
560618359549485056
560618361378181123
560618362078654465
560618367011532801
560618369947557888
560618370111123458
560618371944054784
560618375341441025
560618384564318208
560618384568504321
560618386519248896
560618391846002688
560618393418481665
560618399035047936
560618400427556864
560618409655033856
560618416214511617
560618421491367936
560618423999135744
560618427488813057
560618431570276353
560618439723999233
560618441569484800
560618445104889856
560618456471842817
560618457306529792
560618465720291328
560618471604502528
560618472070066176
560618482484924419
560618484980535296
560618487073492992
560618499337617408
560618499588894720
560618505599733760
560618505620697091
560618507009011712
560618514189651970
560618517909630977
560618529033302016
560618529389813762
560618536075558913
560618537300279296
560618545738833920
560618557197676544
560618563569192961
560618565854695424
560618567377620993
560618568199331841
560618569256681472
560618577443573762
560618585715122177
560618591461339136
560618599518191616
560618602932355073
560618604593307648
560618604895690755
560618613468844033
560618613552709632
560618616895176704
560618618019643393
560618618925633537
560618628497022976
560618631462408192
560618632255127552
560618652765274112
560618653583151104
560618655336370176
560618658352074753
560618666308292608
560618668112236544
560618669760589826
560618670121312257
560618671756681216
560618674248486912
560618675472834560
560618676354039809
560618683337547778
560618688806944768
560618699564908547
560618715528835072
560618716266643459
560618719739518977
560618723049242626
560618726945329152
560618742791815168
560618752510025728
560618754095456257
560618767588548609
560618768293199872
560618784843513856
560618787460751361
560618799943405568
560618800895512576
560618809980358657
560618812312002560
560618819665002498
560618830871793664
560618836316409856
560618838962999297
560618845376086017
560618849247039488
560618850145030144
560618850434428928
560618850568269824
560618865906835457
560618871430713344
560618871909269504
560618876296519681
560618876606484481
560618882403020800
560618889194012673
560618894483005440
560618903055785984
560618903643389952
560618906554228736
560618909515399168
560618914611490816
560618924606099458
560618941429473281
560618946194186241
560618958173519872
560618960358748160
560618979324989440
560618980163858432
560618988787351552
560618994701697024
560619000510812160
560619009000087553
560619010426171394
560619012510720001
560619012858445825
560619019599093760
560619022900002818
560619029061459968
560619040209924096
560619047050833920
560619049315348480
560619051010240512
560619056701902848
560619058928701440
560619064985681920
560619072388214785
560619076524191745
560619080382939136
560619085227364352
560619101681225728
560619106693435392
560619111693025281
560619112498745344
560619123278090241
560619132396515328
560619135928115201
560619136745623552
560619140462170112
560619166575919106
560619176294100993
560619184250298368
560619187694219264
560619192857014273
560619197848248320
560619198507126786
560619210972229633
560619214357417984
560619230778130433
560619232417677313
560619235634737153
560619254492717056
560619260611792896
560619266379362305
560619271282507776
560619272461094912
560619299996712960
560619301275983872
560619307810717697
560619313124884480
560619341989691393
560619344175300608
560619347375169537
560619347442290689
560619349216874497
560619349254606849
560619352995930113
560619364047519746
560619373661278209
560619384641581056
560619385400725504
560619398072119296
560619410252378112
560619412021985280
560619415428136961
560619417902383105
560619425175732224
560619428518191104
560619432167628800
560619434356654082
560619456272297984
560619464601772032
560619472176693250
560619473548234752
560619474446192641
560619480380739584
560619507459186688
560619514887278592
560619514908647424
560619516372082689
560619522822918144
560619526346514433
560619529634852864
560619542641008641
560619545443180544
560619558264795137
560619560714637312
560619561897054208
560619570307031043
560619584332767232
560619588648722432
560619588765765632
560619589625982976
560619596890513409
560619606528626688
560619607086473216
560619615152504833
560619617924964352
560619631137026048
560619640678674432
560619648342032384
560619652389535744
560619653152518145
560619661768003584
560619663030116352
560619667556139008
560619677341458432
560619688191737856
560619692201889792
560619695880294400
560619701832007681
560619705581723649
560619729258573825
560619741329776640
560619748153507841
560619748841369600
560619749420175360
560619752523984896
560619757355802625
560619769779335168
560619809436864512
560619812066713601
560619814256119808
560619814793019393
560619821143179264
560619822984482816
560619825610096640
560619828793192448
560619831830261760
560619832312594432
560619833063378944
560619834783064064
560619835575771136
560619846447411200
560619846581628928
560619850482348032
560619858040066050
560619862327050241
560619866487816192
560619867695751168
560619895172251648
560619896196067328
560619913090318337
560619935185895424
560619959475527680
560619973396021248
560619977288318976
560619979125821440
560619980203765760
560619986742308865
560619991293128706
560619992522440704
560619994808344576
560619995789807616
560620006799454208
560620012487323648
560620015062618113
560620072285110273
560620084805525505
560620091419938818
560620097031909376
560620104913022976
560620117256450048
560620120473866240
560620123929579521
560620125632888834
560620127272456192
560620147627819008
560620153197826049
560620166786998272
560620190472626176
560620206536417280
560620210009673729
560620210236182528
560620212937297920
560620220411576320
560620229886095361
560620235997605888
560620238732271617
560620239013306368
560620285398097920
560620288002760705
560620292427358209
560620302905122817
560620304737636352
560620311121788928
560620315290509314
560620318046576640
560620319497408512
560620343002271745
560620366448435200
560620371087745024
560620374434775043
560620374522482688
560620374564405248
560620375382720512
560620377177862144
560620378897518592
560620385314828288
560620388439568384
560620399898009600
560620402695618560
560620456861253632
560620475823689728
560620481531760640
560620484157399041
560620497583366144
560620497650475009
560620503388262400
560620503430598657
560620504609193984
560620509738844160
560620513039351809
560620521617117185
560620524708319233
560620531368464385
560620532732026882
560620539484848128
560620575270248451
560620578684817408
560620594912575489
560620600495202304
560620615359414272
560620617028739073
560620626822848512
560620628949340160
560620630450913282
560620636645888001
560620644115562497
560620648544747521
560620652055769088
560620657873281024
560620659483488256
560620660901548032
560620661123858432
560620685249486848
560620689821270016
560620692505243648
560620704195178497
560620704505143296
560620706640044033
560620708385288192
560620718413860865
560620726382641153
560620729205403648
560620745009549314
561235362203189248
561235364963053569
561235367899058176
561235371510337536
561235380607782912
561235405261910017
561235410375151617
561235414321614848
561235417702629376
561235424921006080
561235430797230080
561235432927936512
561235452267470848
561235461264662528
561235468428120064
561235470718615553
561235471586426880
561235496286683137
561235496366395392
561235503987826688
561235518584008704
561235520114921474
561235526691594241
561235530089005057
561235531808251904
561235549558956034
561235550116802560
561235554038472704
561235580416049152
561235586237739008
561235591707127808
561235605128900608
561235608971251712
561235611676602369
561235634904629249
561235643078934528
561235648418684928
561235659328073728
561235663715311617
561235668484259840
561235674863374336
561235680106655744
561235687597678593
561235696845746177
561235697223610368
561235703519252481
561235703741161472
561235713195143168
561235714311192576
561235720367398912
561235722934288384
561235724205555712
561235726717972481
561235728625979392
561235731923083266
561235733353349120
561235741486108673
561235745487081472
561235759148326912
561235761236697088
561235767704686593
561235775342538752
561235792941821952
561235793784479744
561235799061319680
561235799984054272
561235808661696512
561235836516462592
561235839490195456
561235851024543744
561235851602964480
561235853125910529
561235856477147136
561235863665799168
561235865498681345
561235866157199361
561235873174654977
561235894834040832
561235897685790720
561235899061514241
561235902824206336
561235902861955072
561235907769286657
561235917256818688
561235921815617536
561235922386432000
561235922558406657
561235941776707584
561235943190171648
561235944435482624
561235947862622208
561235959593713664
561235967617404928
561235977071390721
561235977755439106
561235978564558850
561235978955022336
561235979181514752
561235983538995200
561235987670790145
561235994620731393
561235995060744192
561236001746464768
561236003826855936
561236003872964608
561236007282933760
561236013855813633
561236022537633792
561236025142681602
561236028510720000
561236029445640193
561236033061527554
561236034789597184
561236069908496384
561236073431699456
561236095648948224
561236101772623874
561236104310190080
561236113747361792
561236125537153025
561236137520283650
561236139819155456
561236147305594881
561236152779542529
561236159247187968
561236159926267904
561236167908012032
561236171268059137
561236174816440320
561236176070115328
561236179073646592
561236179820232706
561236182307454977
561236187948388352
561236189005774848
561236190213324801
561236192944201729
561236194928119810
561236197268127744
561236197373390848
561236202666196993
561236208471535618
561236219116675072
561236220492414976
561236222648254464
561236228796723200
561236238976286721
561236243258687488
561236243821117440
561236245922451457
561236248623607808
561236252033576960
561236265610510336
561236265715400704
561236268051202048
561236286997270529
561236288062226432
561236291690319872
561236294811283456
561236295213531137
561236302239379456
561236303594143746
561236304802107392
561236311160676352
561236317833797633
561236318865612800
561236319590830080
561236321419526144
561236323466747906
561236332509679616
561236351480520704
561236368941006848
561236375198904320
561236378282115072
561236388243570688
561236391942565888
561236400385716224
561236407822217217
561236411463249923
561236411555512320
561236411890683904
561236419856039936
561236438856241153
561236444291690496
561236446548201472
561236451330097152
561236451623325696
561236454194806786
561236463594246144
561236464977993728
561236469587927042
561236474620686336
561236482468630529
561236500407652353
561236500680302593
561236504060493824
561236504471547904
561236508758511616
561236515880443904
561236519051329536
561236536558387200
561236539918008320
561236540832370688
561236541100421120
561236547241259008
561236548596023296
561236548679897090
561236554275098624
561236559052038144
561236569697583104
561236595836477440
561236597124112385
561236608545226752
561236624659337216
561236626110939137
561236640191229953
561236641734733824
561236650022289409
561236655965999104
561236660139343872
561236662185779200
561236662760767490
561236663314436096
561236668083363840
561236668557295616
561236669597110273
561236673066172416
561236676786155520
561236684658839552
561236685178933248
561236695341727744
561236700471779328
561236704833855488
561236707899473920
561236719673278464
561236722714148864
561236727503659009
561236727705403392
561236730372947968
561236734470799360
561236736853151744
561236743442014209
561236744733880321
561236755756482560
561236762278645761
561236764077981697
561236782810165248
561236783388958721
561236787838742528
561236788262760448
561236792322846721
561236796265463808
561236801906835457
561236812912668672
561236812950429697
561236816981155840
561236820483387396
561236823016370176
561236827819212800
561236830721679360
561236834253307904
561236847394058240
561236849218568193
561236853295431680
561236858122686465
561236861763342337
561236862032158720
561236862744805377
561236872874438657
561236887818743809
561236888359804928
561236900049350656
561236907506802688
561236910111457280
561236912854548480
561236919661920256
561236920672325632
561236924862451713
561236925634596865
561236935784792066
561236940411121665
561236941127966720
561236947814068224
561236948032180225
561236956689211394
561236958907600896
561236966251851777
561236969574105088
561236975550595072
561236982383521792
561236983381364736
561236985445351425
561236986506125312
561236986816901120
561236987999686657
561236997268701186
561237002104754176
561237003849973760
561237005644746753
561237007016656896
561237007570317312
561237008027115520
561237017301114881
561237019011993600
561237019922542592
561237020102893569
561237021235376128
561237022325874689
561237025525755904
561237030542508034
561237035265298432
561237039698677760
561237041498042369
561237053468209152
561237054713913345
561237055401771009
561237063987515392
561237064549941250
561237066227257344
561237066843815936
561237067855060992
561237087106510848
561237094475919361
561237107289509888
561237122602917888
561237126021259264
561237128324345856
561237128521474048
561237137119801344
561237144098725888
561237145470251008
561237146221035521
561237149027016704
561237159605067777
561237162599796737
561237166563794944
561237172540702720
561237174105165824
561237174318690304
561237175820230656
561237182883454977
561237185555226625
561237191243079680
561237194925293568
561237198821785600
561237201368133633
561237213825232898
561237228416815105
561237235329404928
561237236143108096
561237241251774465
561237257399832576
561237258138034179
561237260197453824
561237274206429185
561237282468790272
561237292858494977
561237302589288448
561237303969193985
561237312512983040
561237322406969344
561237322683781120
561237326966562820
561237327557963776
561237333773918209
561237334872842240
561237336017874945
561237346528813056
561237359518556160
561237364668768256
561237365973217280
561237381223682048
561237384072019968
561237385279586304
561237394348072961
561237400668868610
561237406276648960
561237416783003648
561237417198235648
561237419580616704
561237420415647745
561237420835078144
561237421048995840
561237421397143552
561237421442875392
561237421996920834
561237423053885440
561237424081473536
561237424164962304
561237425033580544
561237427801444352
561237428568993793
561237432096399361
561237433723809793
561237434684301312
561237435674148864
561237436135911425
561237436282318850
561237438362681344
561237438501486592
561237440472821761
561237440514772992
561237441760083968
561237444649963520
561237449779990528
561237450333245440
561237454179815424
561237455828176897
561237459426877440
561237462295785472
561237465906688000
561237470830800899
561237472768962560
561237475624886272
561237475662630912
561237476967464961
561237478422478848
561237483326038016
561237486299381761
561237492125278208
561237492553486338
561237496290627584
561237496340955136
561237496743219200
561237500363288578
561237502363971584
561237506344366080
561237507229376512
561237516729454593
561237524530868224
561237530486386689
561237540028420096
561237540112318464
561237547196899328
561237549587656705
561237549880840192
561237553265664001
561237554016436224
561237557359681536
561237562119831553
561237563990872064
561237564712292352
561237565982781440
561237566247030785
561237567992254464
561237569711529986
561237572983078913
561237574111358976
561237575571349504
561237577533894656
561237580587737090
561237585888952321
561237591609987072
561237593077981184
561237594059460608
561237598799421440
561237599877345280
561237600602562561
561237601966129152
561237603320475649
561237605170151425
561237606823124992
561237608936660992
561237609104805888
561237609129582592
561237615924760576
561237618592346112
561237620899196928
561237621335007232
561237622110945280
561237622308503553
561237623193075712
561237625680297985
561237626347606016
561237626557325313
561237628918718464
561237636250349568
561237642659246080
561237645280694272
561237649583636481
561237650225786880
561237652649701376
561644895929397250
561644905152647168
561644911611506688
561644916988592129
561644923124842496
561644930159112192
561644931958468608
561644935577739264
561644950803066881
561644980712644608
561644984932134913
561644987151286272
561644988895752192
561644993044291584
561644996387168256
561645003676479488
561645016482062336
561645030121963521
561645034366189568
561645047662542848
561645050858573824
561645063563137024
561645064230019072
561645076733231106
561645096492216320
561645105757437952
561645110895448065
561645111839563776
561645116276760576
561645118369714177
561645118554255360
561645119053381633
561645132420612097
561645132433588224
561645138196185088
561645138225950721
561645142659305472
561645153010860032
561645154121940992
561645155120607232
561645157733654529
561645166029987842
561645167770226689
561645177681350657
561645180709662720
561645182421307392
561645182647803905
561645197537198080
561645202046484480
561645210867089411
561645213891178497
561645215862116352
561645223973883904
561645226197258240
561645226788683776
561645229401706496
561645229955354624
561645242731233281
561645256312389635
561645257348349952
561645257432236032
561645266546475011
561645283529224195
561645297252986880
561645303686656000
561645328164982786
561645336888741888
561645361509306368
561645362591457281
561645367859490817
561645377829748736
561645377976537089
561645389032325120
561645407504453632
561645409672495104
561645419760193538
561645420880068609
561645427104448513
561645434448646144
561645440643629057
561645448834715649
561645452853252096
561645463427088384
561645482339229696
561645483873955841
561645488446144512
561645500521127936
561645503335911424
561645508708823040
561645509077528576
561645543328202753
561645543928397825
561645548143263745
561645555223646208
561645556758347777
561645557140422658
561645572931981312
561645584486903808
561645613285003264
561645613859606528
561645616665985024
561645617022509057
561645617479294977
561645622587961344
561645630318469120
561645637054119936
561645637784322048
561645647498326017
561645676007022592
561645676342153216
561645695510536192
561645698203275266
561645711461060609
561645711863726080
561645714154196992
561645716259753985
561645719103098880
561645737092857857
561645741332897792
561645758835720192
561645766180364288
561645774472507392
561645789361864704
561645807644835840
561645830500007936
561645838712049665
561645847587594241
561645848183185408
561645859293896709
561645869670608896
561645873789419520
561645875332521984
561645877115518977
561645896434458625
561645898804256768
561645916231172096
561645927824646144
561645928143400960
561645948183785475
561645954550333441
561645966810701824
561645974112960512
561645975886774273
561645981457207296
561645984900718594
561645987186626560
561645987698327552
561645988205826048
561645993197043713
561645995000217600
561645997848547328
561646002164490241
561646002940035072
561646003959656448
561646006043815937
561646011903668225
561646032988405761
561646035177455616
561646046544023552
561646064684388352
561646071193944064
561646075115626496
561646081319391232
561646087430090752
561646088743301121
561646095412256769
561646101854687232
561646105755414528
561646105981501440
561646110847295488
561646113451556864
561646127301545985
561646127720964096
561646127926083584
561646133970083840
561646147836452866
561646149233176576
561646154958786560
561646161862205440
561646164802797569
561646172524535809
561646180531056640
561646185140977664
561646206049218560
561646207617880064
561646208704610305
561646228820094976
561646230192021505
561646232259411968
561646243508547584
561646243810516994
561646246671417344
561646252660506625
561646257790545921
561646258373140480
561646269609693184
561646272294436864
561646285334515716
561646293437911042
561646305143816192
561646306272497664
561646310118670336
561646314241273856
561646328011563008
561646334672125952
561646335850713091
561646346701381632
561646348060327937
561646353026408449
561646354297262080
561646366230056962
561646367219908610
561646370843807745
561646375029309440
561646378670379008
561646383938416640
561646384974426112
561646385486102531
561646386555265025
561646391844679680
561646392884871168
561646393778257920
561646397632835584
561646399033323522
561646405530714112
561646405786542080
561646409309753344
561646416536141824
561646422454730755
561646424027574272
561646425973739521
561646430017036288
561646436488454144
561646439726460928
561646440687370240
561646445397565442
561646447355904000
561646458118868992
