561236744733880321 20 67811939.0
561645377829748736 21 66437971.0
560610783034228737 23 101251734.0
560618300909318145 24 82029672.0
560618427488813057 24 86887966.0
560616591306395649 25 83844838.0
560610856954634240 26 67901379.0
560611545361551360 26 90322178.0
560612456138297344 26 155415256.0
560611269699334144 27 128316835.0
561646314241273856 27 104672114.0
560618285281329152 29 168293847.0
561236569697583104 29 113528359.0
560610843986235392 30 354609831.0
560605915280605184 32 71321131.0
560608430864334849 35 98489902.0
560607626426609664 36 92962275.0
560620497650475009 40 69462588.0
560607485191786497 55 72503503.0
560611791118819328 60 114879352.0
