560605199086407680 2
560605233156337664 1
560605240240513024 1
560605249413857281 2
560605251225812992 1
560605261610905600 1
560605264903417856 1
560605270653820928 3
560605275728523264 1
560605297677320192 1
560605383987712000 3
560605430809133057 1
560605481149145088 2
560605494000107522 3
560605524056473601 1
560605550522548224 9
560605572970860545 12
560605597276848128 8
560605629703004160 2
560605638510641153 6
560605645368745984 2
560605672656879617 12
560605746275291136 4
560605751014457344 1
560605757138169856 8
560605760212594688 1
560605765199613952 2
560605778093301760 68
560605784208572416 2
560605805771493376 5
560605805917913089 2
560605825849630721 4
560605853464526848 1
560605866962198528 6
560605905264599040 11
560605913757667328 8
560605915280605184 32
560605947824201729 17
560605996427784192 1
560606018678583296 62
560606062169300992 1
560606091675856896 1
560606110361452546 27
560606126316613632 1
560606206386253824 168
560606236492959746 1
560606256348807168 98
560606283925962752 1
560606356227776512 16
560606375173029890 1
560606392029966336 2
560606395272560640 30
560606417464619008 2
560606439488487424 114
560606463975231489 1
560606505183879168 2
560606512591417344 1
560606526969495552 1
560606539112001536 1
560606555381694464 1
560606558686810112 3
560606559504318464 106
560606618602438657 1
560606619898499074 2
560606670213353474 1
560606715067269120 1
560606736042958848 1
560606737775226880 14
560606743361642496 2
560606761162268672 3
560606776148885504 6
560606788811517952 4
560606806058102785 11
560606806540840960 6
560606827243925504 2
560606834361241600 1
560606914292092928 2
560606937617018883 1
560606938522988544 3
560606942163636225 17
560606963193495553 1
560607014859317248 1
560607018764222464 1
560607041073340418 1
560607053903716352 3
560607064469557248 1
560607108949757952 1
560607114541162497 1
560607136343154689 7
560607164922728451 1
560607210624258049 146
560607219478040577 1
560607276969779201 13
560607286985773056 4
560607300185260032 15
560607337618997248 2
560607355201937409 1
560607401456308224 1
560607403440623617 9
560607419525775360 16
560607461418475521 4
560607462316077056 1
560607485191786497 55
560607526774145024 2
560607612404649985 4
560607626426609664 36
560607636266418178 1
560607689567662081 42
560607695745458176 43
560607698774151169 1
560607710060609537 1
560607751253278720 1
560607764154564608 11
560607829326036993 3
560607831074676739 16
560607852511772672 2
560607861823533058 6
560607866747224064 1
560607869280997377 6
560607873588535296 1
560607874779344896 2
560607897013719040 1
560607920493432833 2
560607922888380416 223
560607929796009984 1
560607991121338368 1
560607993650110464 12
560608021790093312 3
560608162395746304 5
560608234411941888 1
560608235418165248 17
560608266296643584 2
560608346001399809 1
560608397091803137 1
560608430864334849 35
560608486795771904 43
560608540734537728 140
560608544299294720 224
560608545486303232 2
560608575257841664 2
560608614079930368 1
560608638122065920 2
560608661714636802 7875
560608701678362624 1
560608719281852416 4
560608728966508544 1
560608739729104896 1
560608758192427009 3
560608771970699264 28
560608780560654336 1250
560608786834944000 1
560608793256423425 3
560608799472766977 159
560608862395305984 1
560608875830050818 1
560608887452479489 1
560608902568366080 4
560608914979319808 1
560608917685039104 1
560608942871425025 1
560608952811925504 1
560608998194302976 1
560609024690110464 1
560609111579299840 2
560609223537885184 3
560609226821599232 1
560609230370373633 3
560609240738299904 92
560609245909889024 5
560609384179707905 826
560609386478206976 4
560609400399101952 2
560609413728202752 22
560609578132733954 1
560609584990396416 4
560609585841455104 1
560609610113900544 66
560609641084616704 1
560609650752495616 19
560609685586182146 10
560609697661997057 2
560609701352579073 2
560609727659261954 1
560609746072248320 3
560609777588633600 1
560609790775541764 1
560609794273198080 1
560609872916774914 2
560609887349391360 4
560609907355820032 3
560609926306091010 1
560609952872800258 3
560609979439546370 1
560610077112303618 1
560610079263956992 1
560610092622434305 1
560610124793139200 5
560610127812640769 5
560610154853326850 385
560610186340352001 9
560610199472332802 4
560610207764447232 17
560610230942580736 2
560610255047254016 3
560610257253040128 1
560610285414010880 12
560610294058057729 1
560610306058362881 6
560610313905905664 3
560610317047042049 11
560610321753444353 1
560610353122246656 13
560610404888756224 4
560610410995679233 3
560610512581718017 3
560610520055549954 3
560610524631552000 1
560610547427971073 2
560610577974714368 31
560610585088622592 19
560610594076647425 1
560610626284703744 13
560610669876482048 1
560610690000384000 9
560610721277288448 1
560610727141326849 2
560610761949843456 1
560610767570235392 1
560610783034228737 23
560610783751831553 2
560610791427411970 6
560610792580841473 17
560610802575478785 1
560610823908126720 1
560610824923131905 1
560610843986235392 30
560610856954634240 26
560610864441483266 23
560610882867458048 14
560610897199001600 1
560610904283549696 1
560610906925977600 1
560610921987338240 2
560610923254382592 3
560610942308724736 1
560610950102151168 3
560610982440214528 4
560610985359077376 6
560611035640365059 3
560611058852036608 1
560611076661067776 4
560611106528714752 11
560611193854111745 5
560611226799972352 24
560611269699334144 27
560611316843704320 3
560611322099171329 39
560611339295391744 1
560611359834898432 47
560611362548621312 1
560611369410908160 1
560611412373151744 181
560611416038993922 1
560611454530097153 13
560611492106481664 1
560611518568337410 2
560611536327417857 5
560611545361551360 26
560611571215630337 51
560611626916007937 1
560611630858661889 1
560611636961357827 1
560611644028370944 14
560611647614509056 3
560611658184548352 2
560611673321771008 1
560611675834159106 4
560611691176939521 36
560611691210104833 1
560611692053536768 1
560611696663085057 392
560611716263063552 2
560611732717322240 5
560611739382083584 6
560611757576577024 1
560611776904318976 1
560611791118819328 60
560611820730593281 2
560611820893794304 4
560611825641721856 4
560611826770399233 1
560611829739966464 4
560611831757025282 7
560611837868142594 4
560611845674119169 3
560611856021463040 4
560611888124690432 1
560611891299360768 13
560611915370487808 1
560611920353701889 4
560611929878958080 2
560612039249252353 4
560612039560024064 4
560612062150541313 7
560612077224878080 4
560612100830031873 1
560612134846234624 3
560612161580724224 2
560612187157192705 2
560612200696807424 1
560612253775716353 3
560612267989811200 2
560612278983081984 1
560612290387386368 1
560612306284208128 31
560612323958603777 7
560612335665287168 8
560612342816579585 2
560612401272606720 4
560612424081244162 4
560612429785485313 12
560612451377770498 7
560612453155749888 2
560612456138297344 26
560612565315620864 1
560612619564752896 3
560612627752050688 1
560612654301999104 1
560612657703964673 13
560612757595095040 2
560612765115895808 1
560612795499438080 10
560612864520495105 1
560612873311752192 1
560612964328153088 1
560612964902772736 7
560612980308860928 19
560612992891383809 2
560613026311585792 3
560613120561795072 4
560613159552425984 8127
560613163121389570 2
560613198647549952 573
560613222076538880 24
560613248379404289 1
560613252980146176 1
560613254788313088 2
560613279446216704 4
560613286606303232 81
560613324183052289 35
560613339639070722 30
560613347901837313 1
560613351688912896 3
560613372136546306 6
560613387668045824 8
560613393963311105 1
560613401647276032 95
560613413366554625 7
560613451115274240 15
560613493724831744 12
560613499106516993 3
560613525559603200 5
560613548565360640 1
560613600935440386 1
560613610075226113 8
560613616685432832 3
560613631541264384 1
560613656095100928 1
560613664282009601 1
560613697647689729 14
560613739125538816 2
560613819882291200 1
560613820641456128 1
560613876421885952 1
560613894129856512 1
560613905350000641 3
560613938501410816 1
560613944205639680 1
560613957485228032 1
560613968310730753 3
560613997724987392 23
560614012950683648 11
560614031095259137 1
560614035637686273 1
560614095796596738 12
560614102935285761 1030
560614108840882176 1
560614214583074816 1
560614218513534977 2
560614222892396545 1
560614224083582976 154
560614259969634304 8
560614288088645632 8
560614309764415489 3
560614326370066432 4
560614337971507200 1
560614351715831808 6
560614355235274753 15
560614380795346944 1
560614384053923840 1
560614388781301760 1
560614416438153216 3
560614460952698880 2
560614526480293888 15
560614560848412672 1
560614562999726080 10
560614563171663873 1
560614563750486017 10
560614573363826688 155
560614579420422146 4
560614583493087232 1
560614615290503168 3
560614628724469762 196
560614631245615105 1
560614631665041408 2
560614634773020675 1
560614641878179840 4
560614643140681728 1
560614648366768130 7
560614655211896833 5
560614656822501376 10
560614677026451456 2
560614690540519426 2
560614746719014912 62
560614777094160384 2
560614784123822080 3
560614826444341248 6
560614834258317312 1
560614889832861696 2
560614891346993153 2
560614904408080385 4
560614936809050112 1
560614990332571650 1
560615003862994944 1
560615008078659584 2
560615103561601024 1
560615109698265088 7
560615181068537857 9
560615187515199488 2
560615194317971456 19
560615209992089601 1
560615237959700482 1
560615318452965376 1
560615429576470528 2
560615448048582656 6
560615460442353664 1
560615484476116992 1
560615501341007872 2
560615517468504064 2
560615541623111680 1
560615549479428097 2
560615553027825664 2
560615594672672769 3
560615599555223552 41
560615612368420864 1
560615633894014976 1
560615643167219712 1
560615645340262402 4
560615654416736256 1
560615720070180864 91
560615754760859648 4
560615793084608512 359
560615795030781953 2
560615827591168000 1
560615843545890817 2
560615852798918656 6
560615895547260928 6
560615900811100160 1
560615922969632769 1
560615932226441216 3
560615983296311297 17
560616024761204737 1
560616040904671232 9
560616055736111104 3
560616085418827777 2
560616103064641536 1
560616109481533440 1
560616180575395840 1
560616199651069953 2
560616229648736256 1
560616246098804736 100
560616295004000256 11
560616295440203776 2
560616310225137665 115
560616314084261888 6
560616316097548289 37
560616325287251969 13
560616332992184322 2
560616335827562498 6
560616347994828800 1
560616349354164226 2
560616352314970112 1
560616355418734592 1
560616375459520512 7
560616387492995074 51
560616405431640064 1
560616411228536833 1
560616419021578241 1
560616430551318528 5
560616441410764803 20
560616446300938240 3
560616480442961922 2
560616492103131136 1
560616498276737024 1
560616503146741761 56
560616537103400960 1
560616553994268673 7
560616591306395649 25
560616594406387712 2
560616612664184832 1
560616622168100866 1
560616624957308929 3
560616650362601473 7
560616695669092352 1
560616718301945857 1
560616718746148864 1
560616739621199872 1
560616759821357056 2
560616763914993665 33
560616777051148288 5
560616806470418432 1
560616831585505280 1
560616837952438273 2
560616844802150400 2
560616848421834753 2
560616866897752064 1
560616870983000065 2
560616895192530944 2
560616915542892544 1
560616928834633728 3
560616932852772865 2
560616938192138240 1
560616938649690112 6
560616952117604352 1
560616965497040897 1
560617060561346560 10030
560617066999603200 2
560617070904492032 48
560617076138999808 1
560617087983710209 2
560617089698783232 1
560617091196153856 6
560617099979403264 1
560617116307849216 7
560617121076764672 2
560617132673998848 2
560617147597324288 16
560617158246293504 12
560617178748436481 1
560617190479511553 1
560617243730776065 5
560617271802867713 21
560617275040886784 3
560617332129927168 3
560617342879948800 9
560617344842481664 1
560617371342086146 2
560617389373419521 13
560617441990963201 43
560617452577370112 1
560617478389514240 200
560617491307962368 1
560617543740948481 2
560617550263119872 1
560617552213458946 38
560617566604111874 4
560617574971764736 4
560617592314814464 3
560617596853047296 13
560617609583149056 1182
560617626645590016 6
560617696958885888 1
560617712955961344 23
560617718576345089 3
560617730043555841 2
560617763396284416 1
560617764449054720 1
560617769176420352 1
560617791640727552 1
560617812327018497 3
560617816533921792 4
560617825669115906 1
560617859651743746 10
560617865942822912 2
560617892409266176 1
560617906841473024 1
560617978988081152 5
560618009585541121 1
560618064157241344 1
560618094834745345 8
560618096734777344 32
560618133975990272 2
560618135922171905 9
560618182973861889 1
560618186031128578 1
560618189277900800 1
560618203630817280 2
560618228385206272 2
560618236836724736 4
560618253991825409 2
560618285281329152 29
560618300909318145 24
560618337945026560 1
560618339467141120 2
560618367011532801 1
560618371944054784 13
560618375341441025 8
560618384564318208 14
560618386519248896 1
560618409655033856 1
560618421491367936 10
560618427488813057 24
560618457306529792 6
560618482484924419 3
560618487073492992 1
560618536075558913 2
560618537300279296 1
560618545738833920 1
560618563569192961 547
560618567377620993 1
560618569256681472 62
560618602932355073 1
560618628497022976 1
560618631462408192 1
560618652765274112 2
560618655336370176 1
560618666308292608 2
560618671756681216 1
560618675472834560 2
560618683337547778 1
560618742791815168 1
560618752510025728 2
560618754095456257 2
560618767588548609 3
560618768293199872 938
560618799943405568 1
560618809980358657 8
560618812312002560 1
560618819665002498 3
560618838962999297 11
560618850434428928 8
560618850568269824 9
560618871909269504 1
560618903055785984 1
560618909515399168 4
560618946194186241 66
560618960358748160 6
560618994701697024 36
560619000510812160 3
560619012858445825 1
560619022900002818 1
560619029061459968 9
560619047050833920 16
560619056701902848 3
560619058928701440 30
560619085227364352 5
560619101681225728 1
560619123278090241 3
560619136745623552 2
560619140462170112 1
560619176294100993 2
560619187694219264 1
560619192857014273 6
560619198507126786 577
560619214357417984 6
560619235634737153 1
560619272461094912 5
560619301275983872 2
560619344175300608 3
560619347375169537 8
560619347442290689 4
560619349254606849 1
560619352995930113 1
560619373661278209 1
560619384641581056 2
560619385400725504 5
560619415428136961 4
560619417902383105 2
560619425175732224 6
560619428518191104 3
560619432167628800 368
560619434356654082 1
560619464601772032 6
560619472176693250 2
560619473548234752 1
560619526346514433 1
560619542641008641 1
560619558264795137 2
560619560714637312 1
560619561897054208 27
560619570307031043 6
560619588648722432 1
560619589625982976 2
560619606528626688 13
560619652389535744 5
560619667556139008 7
560619677341458432 2
560619692201889792 1
560619695880294400 2
560619729258573825 3
560619769779335168 2
560619809436864512 2
560619812066713601 33
560619814256119808 1
560619822984482816 1
560619825610096640 2
560619832312594432 1
560619896196067328 65
560619935185895424 3
560619959475527680 1
560619973396021248 1
560619992522440704 6
560619994808344576 1
560620012487323648 5
560620015062618113 2
560620117256450048 1
560620125632888834 1
560620127272456192 50
560620147627819008 1
560620206536417280 26
560620212937297920 1
560620238732271617 11
560620285398097920 41
560620288002760705 1
560620302905122817 1
560620311121788928 1
560620315290509314 1
560620319497408512 1
560620371087745024 19
560620374522482688 4
560620378897518592 4
560620385314828288 5
560620388439568384 3
560620399898009600 2
560620481531760640 4
560620484157399041 3
560620497650475009 40
560620503388262400 4
560620513039351809 3
560620531368464385 2
560620532732026882 2
560620617028739073 2
560620648544747521 6
560620659483488256 6
560620661123858432 4
560620685249486848 4
560620689821270016 2
560620704195178497 4
560620726382641153 7
561235367899058176 1
561235380607782912 1
561235405261910017 2
561235414321614848 1
561235430797230080 3
561235452267470848 2
561235461264662528 12
561235470718615553 5
561235496286683137 4
561235496366395392 1
561235503987826688 1
561235526691594241 2
561235549558956034 3
561235580416049152 1
561235591707127808 1
561235608971251712 4
561235643078934528 1
561235680106655744 90
561235696845746177 1
561235703519252481 300
561235703741161472 3
561235714311192576 2
561235724205555712 1
561235733353349120 8
561235799984054272 2
561235851602964480 11
561235856477147136 8
561235863665799168 33
561235873174654977 1
561235894834040832 120
561235897685790720 1
561235899061514241 13
561235907769286657 45
561235917256818688 2
561235941776707584 1
561235967617404928 6
561235977071390721 5
561235978955022336 4
561235983538995200 4
561236013855813633 3
561236022537633792 2
561236033061527554 3
561236069908496384 2
561236095648948224 301
561236101772623874 3
561236104310190080 97
561236152779542529 316
561236159247187968 2
561236167908012032 1
561236171268059137 1732
561236179820232706 16
561236182307454977 14
561236187948388352 1
561236189005774848 6
561236190213324801 1
561236192944201729 6
561236194928119810 1
561236208471535618 13
561236219116675072 5
561236222648254464 1
561236245922451457 2
561236248623607808 12
561236252033576960 1
561236265610510336 4049
561236268051202048 8
561236286997270529 2
561236302239379456 498
561236304802107392 1
561236321419526144 19
561236378282115072 1
561236400385716224 1
561236411463249923 4
561236419856039936 1
561236444291690496 3
561236451623325696 1
561236454194806786 1
561236500407652353 3
561236500680302593 3
561236504471547904 7
561236508758511616 4
561236515880443904 1
561236519051329536 1
561236540832370688 1
561236548596023296 69
561236548679897090 3
561236569697583104 29
561236624659337216 1
561236641734733824 90
561236650022289409 2
561236655965999104 1
561236662760767490 920
561236663314436096 1
561236669597110273 1
561236673066172416 10
561236685178933248 2
561236700471779328 1
561236704833855488 1
561236719673278464 3
561236722714148864 17
561236730372947968 1
561236743442014209 47
561236744733880321 20
561236755756482560 1
561236788262760448 3
561236792322846721 15
561236801906835457 2
561236820483387396 2
561236823016370176 10
561236827819212800 1
561236830721679360 10
561236847394058240 1
561236900049350656 1
561236910111457280 94
561236920672325632 1
561236935784792066 2
561236947814068224 1
561236948032180225 2
561236958907600896 9
561236966251851777 12
561236983381364736 4
561237002104754176 1
561237003849973760 1
561237007570317312 1
561237008027115520 3
561237021235376128 1
561237039698677760 2
561237041498042369 1
561237066843815936 7
561237094475919361 1
561237128324345856 1
561237128521474048 11
561237146221035521 1
561237166563794944 2
561237175820230656 1
561237258138034179 1
561237274206429185 2
561237302589288448 1
561237312512983040 7
561237322683781120 3
561237336017874945 1
561237359518556160 2
561237364668768256 14
561237384072019968 17
561237406276648960 12
561237421048995840 2
561237421397143552 3
561237424081473536 1
561237425033580544 7
561237428568993793 1
561237434684301312 2
561237438362681344 1
561237440472821761 4
561237440514772992 17
561237441760083968 4
561237454179815424 2
561237462295785472 367
561237470830800899 1
561237472768962560 3
561237475624886272 1
561237476967464961 2
561237486299381761 298
561237492125278208 1
561237496743219200 1
561237507229376512 1
561237524530868224 20
561237540028420096 8
561237549880840192 1
561237553265664001 2
561237554016436224 3
561237557359681536 4
561237565982781440 3
561237575571349504 1
561237591609987072 3
561237599877345280 3
561237606823124992 1
561237608936660992 1
561237609129582592 8
561237618592346112 6
561237621335007232 3
561237623193075712 6
561237626347606016 5
561237645280694272 118
561237650225786880 86
561237652649701376 2
561644905152647168 1
561644911611506688 6
561644923124842496 3
561644930159112192 1
561644980712644608 73
561644987151286272 2
561644993044291584 2
561644996387168256 5
561645003676479488 1
561645034366189568 1
561645050858573824 32
561645076733231106 5
561645105757437952 4
561645110895448065 21
561645111839563776 771
561645132420612097 235
561645138196185088 8
561645138225950721 3
561645153010860032 2
561645157733654529 1
561645167770226689 1
561645197537198080 1
561645202046484480 2
561645223973883904 8
561645229955354624 2
561645256312389635 6
561645257348349952 1
561645257432236032 43
561645283529224195 4
561645297252986880 3
561645362591457281 1
561645377829748736 21
561645377976537089 8
561645389032325120 2
561645407504453632 33
561645409672495104 8
561645427104448513 1
561645440643629057 1
561645452853252096 6
561645543328202753 10
561645543928397825 2
561645584486903808 4
561645622587961344 1
561645695510536192 3
561645711863726080 7
561645714154196992 1
561645737092857857 1
561645766180364288 3
561645774472507392 1
561645847587594241 35
561645848183185408 1
561645948183785475 22
561645984900718594 1
561645987698327552 2
561645988205826048 2
561645997848547328 2
561646006043815937 149
561646032988405761 1
561646046544023552 1
561646075115626496 2
561646149233176576 2
561646154958786560 1
561646185140977664 1
561646207617880064 1
561646208704610305 2
561646246671417344 8
561646272294436864 1
561646293437911042 1
561646310118670336 1
561646314241273856 27
561646335850713091 4
561646346701381632 5
561646353026408449 326
561646370843807745 42
561646375029309440 4
561646378670379008 1
561646384974426112 1
561646391844679680 4
561646392884871168 2
561646393778257920 1
561646399033323522 7
561646416536141824 1
561646424027574272 2
561646430017036288 10
561646436488454144 1
561646440687370240 24
561646458118868992 1
padding_0001 0
padding_0002 0
padding_0003 0
padding_0004 0
padding_0005 0
padding_0006 0
padding_0007 0
padding_0008 0
padding_0009 0
padding_0010 0
padding_0011 0
padding_0012 0
padding_0013 0
padding_0014 0
padding_0015 0
padding_0016 0
padding_0017 0
padding_0018 0
padding_0019 0
padding_0020 0
padding_0021 0
padding_0022 0
padding_0023 0
padding_0024 0
padding_0025 0
padding_0026 0
padding_0027 0
padding_0028 0
padding_0029 0
padding_0030 0
padding_0031 0
padding_0032 0
padding_0033 0
padding_0034 0
padding_0035 0
padding_0036 0
padding_0037 0
padding_0038 0
padding_0039 0
padding_0040 0
padding_0041 0
padding_0042 0
padding_0043 0
padding_0044 0
padding_0045 0
padding_0046 0
padding_0047 0
padding_0048 0
padding_0049 0
padding_0050 0
padding_0051 0
padding_0052 0
padding_0053 0
padding_0054 0
padding_0055 0
padding_0056 0
padding_0057 0
padding_0058 0
padding_0059 0
padding_0060 0
padding_0061 0
padding_0062 0
padding_0063 0
padding_0064 0
padding_0065 0
padding_0066 0
padding_0067 0
padding_0068 0
padding_0069 0
padding_0070 0
padding_0071 0
padding_0072 0
padding_0073 0
padding_0074 0
padding_0075 0
padding_0076 0
padding_0077 0
padding_0078 0
padding_0079 0
padding_0080 0
padding_0081 0
padding_0082 0
padding_0083 0
padding_0084 0
padding_0085 0
padding_0086 0
padding_0087 0
padding_0088 0
padding_0089 0
padding_0090 0
padding_0091 0
padding_0092 0
padding_0093 0
padding_0094 0
padding_0095 0
padding_0096 0
padding_0097 0
padding_0098 0
padding_0099 0
padding_0100 0
padding_0101 0
padding_0102 0
padding_0103 0
padding_0104 0
padding_0105 0
padding_0106 0
padding_0107 0
padding_0108 0
padding_0109 0
padding_0110 0
padding_0111 0
padding_0112 0
padding_0113 0
padding_0114 0
padding_0115 0
padding_0116 0
padding_0117 0
padding_0118 0
padding_0119 0
padding_0120 0
padding_0121 0
padding_0122 0
padding_0123 0
padding_0124 0
padding_0125 0
padding_0126 0
padding_0127 0
padding_0128 0
padding_0129 0
padding_0130 0
padding_0131 0
padding_0132 0
padding_0133 0
padding_0134 0
padding_0135 0
padding_0136 0
padding_0137 0
padding_0138 0
padding_0139 0
padding_0140 0
padding_0141 0
padding_0142 0
padding_0143 0
padding_0144 0
padding_0145 0
padding_0146 0
padding_0147 0
padding_0148 0
padding_0149 0
padding_0150 0
padding_0151 0
padding_0152 0
padding_0153 0
padding_0154 0
padding_0155 0
padding_0156 0
padding_0157 0
padding_0158 0
padding_0159 0
padding_0160 0
padding_0161 0
padding_0162 0
padding_0163 0
padding_0164 0
padding_0165 0
padding_0166 0
padding_0167 0
padding_0168 0
padding_0169 0
padding_0170 0
padding_0171 0
padding_0172 0
padding_0173 0
padding_0174 0
padding_0175 0
padding_0176 0
padding_0177 0
padding_0178 0
padding_0179 0
padding_0180 0
padding_0181 0
padding_0182 0
padding_0183 0
padding_0184 0
padding_0185 0
padding_0186 0
padding_0187 0
padding_0188 0
padding_0189 0
padding_0190 0
padding_0191 0
padding_0192 0
padding_0193 0
padding_0194 0
padding_0195 0
padding_0196 0
padding_0197 0
padding_0198 0
padding_0199 0
padding_0200 0
padding_0201 0
padding_0202 0
padding_0203 0
padding_0204 0
padding_0205 0
padding_0206 0
padding_0207 0
padding_0208 0
padding_0209 0
padding_0210 0
padding_0211 0
padding_0212 0
padding_0213 0
padding_0214 0
padding_0215 0
padding_0216 0
padding_0217 0
padding_0218 0
padding_0219 0
padding_0220 0
padding_0221 0
padding_0222 0
padding_0223 0
padding_0224 0
padding_0225 0
padding_0226 0
padding_0227 0
padding_0228 0
padding_0229 0
padding_0230 0
padding_0231 0
padding_0232 0
padding_0233 0
padding_0234 0
padding_0235 0
padding_0236 0
padding_0237 0
padding_0238 0
padding_0239 0
padding_0240 0
padding_0241 0
padding_0242 0
padding_0243 0
padding_0244 0
padding_0245 0
padding_0246 0
padding_0247 0
padding_0248 0
padding_0249 0
padding_0250 0
padding_0251 0
padding_0252 0
padding_0253 0
padding_0254 0
padding_0255 0
padding_0256 0
padding_0257 0
padding_0258 0
padding_0259 0
padding_0260 0
padding_0261 0
padding_0262 0
padding_0263 0
padding_0264 0
padding_0265 0
padding_0266 0
padding_0267 0
padding_0268 0
padding_0269 0
padding_0270 0
padding_0271 0
padding_0272 0
padding_0273 0
padding_0274 0
padding_0275 0
padding_0276 0
padding_0277 0
padding_0278 0
padding_0279 0
padding_0280 0
padding_0281 0
padding_0282 0
padding_0283 0
padding_0284 0
padding_0285 0
padding_0286 0
padding_0287 0
padding_0288 0
padding_0289 0
padding_0290 0
padding_0291 0
padding_0292 0
padding_0293 0
padding_0294 0
padding_0295 0
padding_0296 0
padding_0297 0
padding_0298 0
padding_0299 0
padding_0300 0
padding_0301 0
padding_0302 0
padding_0303 0
padding_0304 0
padding_0305 0
padding_0306 0
padding_0307 0
padding_0308 0
padding_0309 0
padding_0310 0
padding_0311 0
padding_0312 0
padding_0313 0
padding_0314 0
padding_0315 0
padding_0316 0
padding_0317 0
padding_0318 0
padding_0319 0
padding_0320 0
padding_0321 0
padding_0322 0
padding_0323 0
padding_0324 0
padding_0325 0
padding_0326 0
padding_0327 0
padding_0328 0
padding_0329 0
padding_0330 0
padding_0331 0
padding_0332 0
padding_0333 0
padding_0334 0
padding_0335 0
padding_0336 0
padding_0337 0
padding_0338 0
padding_0339 0
padding_0340 0
padding_0341 0
padding_0342 0
padding_0343 0
padding_0344 0
padding_0345 0
padding_0346 0
padding_0347 0
padding_0348 0
padding_0349 0
padding_0350 0
padding_0351 0
padding_0352 0
padding_0353 0
padding_0354 0
padding_0355 0
padding_0356 0
padding_0357 0
padding_0358 0
padding_0359 0
padding_0360 0
padding_0361 0
padding_0362 0
padding_0363 0
padding_0364 0
padding_0365 0
padding_0366 0
padding_0367 0
padding_0368 0
padding_0369 0
padding_0370 0
padding_0371 0
padding_0372 0
padding_0373 0
padding_0374 0
padding_0375 0
padding_0376 0
padding_0377 0
padding_0378 0
padding_0379 0
padding_0380 0
padding_0381 0
padding_0382 0
padding_0383 0
padding_0384 0
padding_0385 0
padding_0386 0
padding_0387 0
padding_0388 0
padding_0389 0
padding_0390 0
padding_0391 0
padding_0392 0
padding_0393 0
padding_0394 0
padding_0395 0
padding_0396 0
padding_0397 0
padding_0398 0
padding_0399 0
padding_0400 0
padding_0401 0
padding_0402 0
padding_0403 0
padding_0404 0
padding_0405 0
padding_0406 0
padding_0407 0
padding_0408 0
padding_0409 0
padding_0410 0
padding_0411 0
padding_0412 0
padding_0413 0
padding_0414 0
padding_0415 0
padding_0416 0
padding_0417 0
padding_0418 0
padding_0419 0
padding_0420 0
padding_0421 0
padding_0422 0
padding_0423 0
padding_0424 0
padding_0425 0
padding_0426 0
padding_0427 0
padding_0428 0
padding_0429 0
padding_0430 0
padding_0431 0
padding_0432 0
padding_0433 0
padding_0434 0
padding_0435 0
padding_0436 0
padding_0437 0
padding_0438 0
padding_0439 0
padding_0440 0
padding_0441 0
padding_0442 0
padding_0443 0
padding_0444 0
padding_0445 0
padding_0446 0
padding_0447 0
padding_0448 0
padding_0449 0
padding_0450 0
padding_0451 0
padding_0452 0
padding_0453 0
padding_0454 0
padding_0455 0
padding_0456 0
padding_0457 0
padding_0458 0
padding_0459 0
padding_0460 0
padding_0461 0
padding_0462 0
padding_0463 0
padding_0464 0
padding_0465 0
padding_0466 0
padding_0467 0
padding_0468 0
padding_0469 0
padding_0470 0
padding_0471 0
padding_0472 0
padding_0473 0
padding_0474 0
padding_0475 0
padding_0476 0
padding_0477 0
padding_0478 0
padding_0479 0
padding_0480 0
padding_0481 0
padding_0482 0
padding_0483 0
padding_0484 0
padding_0485 0
padding_0486 0
padding_0487 0
padding_0488 0
padding_0489 0
padding_0490 0
padding_0491 0
padding_0492 0
padding_0493 0
padding_0494 0
padding_0495 0
padding_0496 0
padding_0497 0
padding_0498 0
padding_0499 0
padding_0500 0
padding_0501 0
padding_0502 0
padding_0503 0
padding_0504 0
padding_0505 0
padding_0506 0
padding_0507 0
padding_0508 0
padding_0509 0
padding_0510 0
padding_0511 0
padding_0512 0
padding_0513 0
padding_0514 0
padding_0515 0
padding_0516 0
padding_0517 0
padding_0518 0
padding_0519 0
padding_0520 0
padding_0521 0
padding_0522 0
padding_0523 0
padding_0524 0
padding_0525 0
padding_0526 0
padding_0527 0
padding_0528 0
padding_0529 0
padding_0530 0
padding_0531 0
padding_0532 0
padding_0533 0
padding_0534 0
padding_0535 0
padding_0536 0
padding_0537 0
padding_0538 0
padding_0539 0
padding_0540 0
padding_0541 0
padding_0542 0
padding_0543 0
padding_0544 0
padding_0545 0
padding_0546 0
padding_0547 0
padding_0548 0
padding_0549 0
padding_0550 0
padding_0551 0
padding_0552 0
padding_0553 0
padding_0554 0
padding_0555 0
padding_0556 0
padding_0557 0
padding_0558 0
padding_0559 0
padding_0560 0
padding_0561 0
padding_0562 0
padding_0563 0
padding_0564 0
padding_0565 0
padding_0566 0
padding_0567 0
padding_0568 0
padding_0569 0
padding_0570 0
padding_0571 0
padding_0572 0
padding_0573 0
padding_0574 0
padding_0575 0
padding_0576 0
padding_0577 0
padding_0578 0
padding_0579 0
padding_0580 0
padding_0581 0
padding_0582 0
padding_0583 0
padding_0584 0
padding_0585 0
padding_0586 0
padding_0587 0
padding_0588 0
padding_0589 0
padding_0590 0
padding_0591 0
padding_0592 0
padding_0593 0
padding_0594 0
padding_0595 0
padding_0596 0
padding_0597 0
padding_0598 0
padding_0599 0
padding_0600 0
padding_0601 0
padding_0602 0
padding_0603 0
padding_0604 0
padding_0605 0
padding_0606 0
padding_0607 0
padding_0608 0
padding_0609 0
padding_0610 0
padding_0611 0
padding_0612 0
padding_0613 0
padding_0614 0
padding_0615 0
padding_0616 0
padding_0617 0
padding_0618 0
padding_0619 0
padding_0620 0
padding_0621 0
padding_0622 0
padding_0623 0
padding_0624 0
padding_0625 0
padding_0626 0
padding_0627 0
padding_0628 0
padding_0629 0
padding_0630 0
padding_0631 0
padding_0632 0
padding_0633 0
padding_0634 0
padding_0635 0
padding_0636 0
padding_0637 0
padding_0638 0
padding_0639 0
padding_0640 0
padding_0641 0
padding_0642 0
padding_0643 0
padding_0644 0
padding_0645 0
padding_0646 0
padding_0647 0
padding_0648 0
padding_0649 0
padding_0650 0
padding_0651 0
padding_0652 0
padding_0653 0
padding_0654 0
padding_0655 0
padding_0656 0
padding_0657 0
padding_0658 0
padding_0659 0
padding_0660 0
padding_0661 0
padding_0662 0
padding_0663 0
padding_0664 0
padding_0665 0
padding_0666 0
padding_0667 0
padding_0668 0
padding_0669 0
padding_0670 0
padding_0671 0
padding_0672 0
padding_0673 0
padding_0674 0
padding_0675 0
padding_0676 0
padding_0677 0
padding_0678 0
padding_0679 0
padding_0680 0
padding_0681 0
padding_0682 0
padding_0683 0
padding_0684 0
padding_0685 0
padding_0686 0
padding_0687 0
padding_0688 0
padding_0689 0
padding_0690 0
padding_0691 0
padding_0692 0
padding_0693 0
padding_0694 0
padding_0695 0
padding_0696 0
padding_0697 0
padding_0698 0
padding_0699 0
padding_0700 0
padding_0701 0
padding_0702 0
padding_0703 0
padding_0704 0
padding_0705 0
padding_0706 0
padding_0707 0
padding_0708 0
padding_0709 0
padding_0710 0
padding_0711 0
padding_0712 0
padding_0713 0
padding_0714 0
padding_0715 0
padding_0716 0
padding_0717 0
padding_0718 0
padding_0719 0
padding_0720 0
padding_0721 0
padding_0722 0
padding_0723 0
padding_0724 0
padding_0725 0
padding_0726 0
padding_0727 0
padding_0728 0
padding_0729 0
padding_0730 0
padding_0731 0
padding_0732 0
padding_0733 0
padding_0734 0
padding_0735 0
padding_0736 0
padding_0737 0
padding_0738 0
padding_0739 0
padding_0740 0
padding_0741 0
padding_0742 0
padding_0743 0
padding_0744 0
padding_0745 0
padding_0746 0
padding_0747 0
padding_0748 0
padding_0749 0
padding_0750 0
padding_0751 0
padding_0752 0
padding_0753 0
padding_0754 0
padding_0755 0
padding_0756 0
padding_0757 0
padding_0758 0
padding_0759 0
padding_0760 0
padding_0761 0
padding_0762 0
padding_0763 0
padding_0764 0
padding_0765 0
padding_0766 0
padding_0767 0
padding_0768 0
padding_0769 0
padding_0770 0
padding_0771 0
padding_0772 0
padding_0773 0
padding_0774 0
padding_0775 0
padding_0776 0
padding_0777 0
padding_0778 0
padding_0779 0
padding_0780 0
padding_0781 0
padding_0782 0
padding_0783 0
padding_0784 0
padding_0785 0
padding_0786 0
padding_0787 0
padding_0788 0
padding_0789 0
padding_0790 0
padding_0791 0
padding_0792 0
padding_0793 0
padding_0794 0
padding_0795 0
padding_0796 0
padding_0797 0
padding_0798 0
padding_0799 0
padding_0800 0
padding_0801 0
padding_0802 0
padding_0803 0
padding_0804 0
padding_0805 0
padding_0806 0
padding_0807 0
padding_0808 0
padding_0809 0
padding_0810 0
padding_0811 0
padding_0812 0
padding_0813 0
padding_0814 0
padding_0815 0
padding_0816 0
padding_0817 0
padding_0818 0
padding_0819 0
padding_0820 0
padding_0821 0
padding_0822 0
padding_0823 0
padding_0824 0
padding_0825 0
padding_0826 0
padding_0827 0
padding_0828 0
padding_0829 0
padding_0830 0
padding_0831 0
padding_0832 0
padding_0833 0
padding_0834 0
padding_0835 0
padding_0836 0
padding_0837 0
padding_0838 0
padding_0839 0
padding_0840 0
padding_0841 0
padding_0842 0
padding_0843 0
padding_0844 0
padding_0845 0
padding_0846 0
padding_0847 0
padding_0848 0
padding_0849 0
padding_0850 0
padding_0851 0
padding_0852 0
padding_0853 0
padding_0854 0
padding_0855 0
padding_0856 0
padding_0857 0
padding_0858 0
padding_0859 0
padding_0860 0
padding_0861 0
padding_0862 0
padding_0863 0
padding_0864 0
padding_0865 0
padding_0866 0
padding_0867 0
padding_0868 0
padding_0869 0
padding_0870 0
padding_0871 0
padding_0872 0
padding_0873 0
padding_0874 0
padding_0875 0
padding_0876 0
padding_0877 0
padding_0878 0
padding_0879 0
padding_0880 0
padding_0881 0
padding_0882 0
padding_0883 0
padding_0884 0
padding_0885 0
padding_0886 0
padding_0887 0
padding_0888 0
padding_0889 0
padding_0890 0
padding_0891 0
padding_0892 0
padding_0893 0
padding_0894 0
padding_0895 0
padding_0896 0
padding_0897 0
padding_0898 0
padding_0899 0
padding_0900 0
padding_0901 0
padding_0902 0
padding_0903 0
padding_0904 0
padding_0905 0
padding_0906 0
padding_0907 0
padding_0908 0
padding_0909 0
padding_0910 0
padding_0911 0
padding_0912 0
padding_0913 0
padding_0914 0
padding_0915 0
padding_0916 0
padding_0917 0
padding_0918 0
padding_0919 0
padding_0920 0
padding_0921 0
padding_0922 0
padding_0923 0
padding_0924 0
padding_0925 0
padding_0926 0
padding_0927 0
padding_0928 0
padding_0929 0
padding_0930 0
padding_0931 0
padding_0932 0
padding_0933 0
padding_0934 0
padding_0935 0
padding_0936 0
padding_0937 0
padding_0938 0
padding_0939 0
padding_0940 0
padding_0941 0
padding_0942 0
padding_0943 0
padding_0944 0
padding_0945 0
padding_0946 0
padding_0947 0
padding_0948 0
padding_0949 0
padding_0950 0
padding_0951 0
padding_0952 0
padding_0953 0
padding_0954 0
padding_0955 0
padding_0956 0
padding_0957 0
padding_0958 0
padding_0959 0
padding_0960 0
padding_0961 0
padding_0962 0
padding_0963 0
padding_0964 0
padding_0965 0
padding_0966 0
padding_0967 0
padding_0968 0
padding_0969 0
padding_0970 0
padding_0971 0
padding_0972 0
padding_0973 0
padding_0974 0
padding_0975 0
padding_0976 0
padding_0977 0
padding_0978 0
padding_0979 0
padding_0980 0
padding_0981 0
padding_0982 0
padding_0983 0
padding_0984 0
padding_0985 0
padding_0986 0
padding_0987 0
padding_0988 0
padding_0989 0
padding_0990 0
padding_0991 0
padding_0992 0
padding_0993 0
padding_0994 0
padding_0995 0
padding_0996 0
padding_0997 0
padding_0998 0
padding_0999 0
padding_1000 0
padding_1001 0
padding_1002 0
padding_1003 0
padding_1004 0
padding_1005 0
padding_1006 0
padding_1007 0
padding_1008 0
padding_1009 0
padding_1010 0
padding_1011 0
padding_1012 0
padding_1013 0
padding_1014 0
padding_1015 0
padding_1016 0
padding_1017 0
padding_1018 0
padding_1019 0
padding_1020 0
padding_1021 0
padding_1022 0
padding_1023 0
padding_1024 0
padding_1025 0
padding_1026 0
padding_1027 0
padding_1028 0
padding_1029 0
padding_1030 0
padding_1031 0
padding_1032 0
padding_1033 0
padding_1034 0
padding_1035 0
padding_1036 0
padding_1037 0
padding_1038 0
padding_1039 0
padding_1040 0
padding_1041 0
padding_1042 0
padding_1043 0
padding_1044 0
padding_1045 0
padding_1046 0
padding_1047 0
padding_1048 0
padding_1049 0
padding_1050 0
padding_1051 0
padding_1052 0
padding_1053 0
padding_1054 0
padding_1055 0
padding_1056 0
padding_1057 0
padding_1058 0
padding_1059 0
padding_1060 0
padding_1061 0
padding_1062 0
padding_1063 0
padding_1064 0
padding_1065 0
padding_1066 0
padding_1067 0
padding_1068 0
padding_1069 0
padding_1070 0
padding_1071 0
padding_1072 0
padding_1073 0
padding_1074 0
padding_1075 0
padding_1076 0
padding_1077 0
padding_1078 0
padding_1079 0
padding_1080 0
padding_1081 0
padding_1082 0
padding_1083 0
padding_1084 0
padding_1085 0
padding_1086 0
padding_1087 0
padding_1088 0
padding_1089 0
padding_1090 0
padding_1091 0
padding_1092 0
padding_1093 0
padding_1094 0
padding_1095 0
padding_1096 0
padding_1097 0
padding_1098 0
padding_1099 0
padding_1100 0
padding_1101 0
padding_1102 0
padding_1103 0
padding_1104 0
padding_1105 0
padding_1106 0
padding_1107 0
padding_1108 0
padding_1109 0
padding_1110 0
padding_1111 0
padding_1112 0
padding_1113 0
padding_1114 0
padding_1115 0
padding_1116 0
padding_1117 0
padding_1118 0
padding_1119 0
padding_1120 0
padding_1121 0
padding_1122 0
padding_1123 0
padding_1124 0
padding_1125 0
padding_1126 0
padding_1127 0
padding_1128 0
padding_1129 0
padding_1130 0
padding_1131 0
padding_1132 0
padding_1133 0
padding_1134 0
padding_1135 0
padding_1136 0
padding_1137 0
padding_1138 0
padding_1139 0
padding_1140 0
padding_1141 0
padding_1142 0
padding_1143 0
padding_1144 0
padding_1145 0
padding_1146 0
padding_1147 0
padding_1148 0
padding_1149 0
padding_1150 0
padding_1151 0
padding_1152 0
padding_1153 0
padding_1154 0
padding_1155 0
padding_1156 0
padding_1157 0
padding_1158 0
padding_1159 0
padding_1160 0
padding_1161 0
padding_1162 0
padding_1163 0
padding_1164 0
padding_1165 0
padding_1166 0
padding_1167 0
padding_1168 0
padding_1169 0
padding_1170 0
padding_1171 0
padding_1172 0
padding_1173 0
padding_1174 0
padding_1175 0
padding_1176 0
padding_1177 0
padding_1178 0
padding_1179 0
padding_1180 0
padding_1181 0
padding_1182 0
padding_1183 0
padding_1184 0
padding_1185 0
padding_1186 0
padding_1187 0
padding_1188 0
padding_1189 0
padding_1190 0
padding_1191 0
padding_1192 0
padding_1193 0
padding_1194 0
padding_1195 0
padding_1196 0
padding_1197 0
padding_1198 0
padding_1199 0
padding_1200 0
padding_1201 0
padding_1202 0
padding_1203 0
padding_1204 0
padding_1205 0
padding_1206 0
padding_1207 0
padding_1208 0
padding_1209 0
padding_1210 0
padding_1211 0
padding_1212 0
padding_1213 0
padding_1214 0
padding_1215 0
padding_1216 0
padding_1217 0
padding_1218 0
padding_1219 0
padding_1220 0
padding_1221 0
padding_1222 0
padding_1223 0
padding_1224 0
padding_1225 0
padding_1226 0
padding_1227 0
padding_1228 0
padding_1229 0
padding_1230 0
padding_1231 0
padding_1232 0
padding_1233 0
padding_1234 0
padding_1235 0
padding_1236 0
padding_1237 0
padding_1238 0
padding_1239 0
padding_1240 0
padding_1241 0
padding_1242 0
padding_1243 0
padding_1244 0
padding_1245 0
padding_1246 0
padding_1247 0
padding_1248 0
padding_1249 0
padding_1250 0
padding_1251 0
padding_1252 0
padding_1253 0
padding_1254 0
padding_1255 0
padding_1256 0
padding_1257 0
padding_1258 0
padding_1259 0
padding_1260 0
padding_1261 0
padding_1262 0
padding_1263 0
padding_1264 0
padding_1265 0
padding_1266 0
padding_1267 0
padding_1268 0
padding_1269 0
padding_1270 0
padding_1271 0
padding_1272 0
padding_1273 0
padding_1274 0
padding_1275 0
padding_1276 0
padding_1277 0
padding_1278 0
padding_1279 0
padding_1280 0
padding_1281 0
padding_1282 0
padding_1283 0
padding_1284 0
padding_1285 0
padding_1286 0
padding_1287 0
padding_1288 0
padding_1289 0
padding_1290 0
padding_1291 0
padding_1292 0
padding_1293 0
padding_1294 0
padding_1295 0
padding_1296 0
padding_1297 0
padding_1298 0
padding_1299 0
padding_1300 0
padding_1301 0
padding_1302 0
padding_1303 0
padding_1304 0
padding_1305 0
padding_1306 0
padding_1307 0
padding_1308 0
padding_1309 0
padding_1310 0
padding_1311 0
padding_1312 0
padding_1313 0
padding_1314 0
padding_1315 0
padding_1316 0
padding_1317 0
padding_1318 0
padding_1319 0
padding_1320 0
padding_1321 0
padding_1322 0
padding_1323 0
padding_1324 0
padding_1325 0
padding_1326 0
padding_1327 0
padding_1328 0
padding_1329 0
padding_1330 0
padding_1331 0
padding_1332 0
padding_1333 0
padding_1334 0
padding_1335 0
padding_1336 0
padding_1337 0
padding_1338 0
padding_1339 0
padding_1340 0
padding_1341 0
padding_1342 0
padding_1343 0
padding_1344 0
padding_1345 0
padding_1346 0
padding_1347 0
padding_1348 0
padding_1349 0
padding_1350 0
padding_1351 0
padding_1352 0
padding_1353 0
padding_1354 0
padding_1355 0
padding_1356 0
padding_1357 0
padding_1358 0
padding_1359 0
padding_1360 0
padding_1361 0
padding_1362 0
padding_1363 0
padding_1364 0
padding_1365 0
padding_1366 0
padding_1367 0
padding_1368 0
padding_1369 0
padding_1370 0
padding_1371 0
padding_1372 0
padding_1373 0
padding_1374 0
padding_1375 0
padding_1376 0
padding_1377 0
padding_1378 0
padding_1379 0
padding_1380 0
padding_1381 0
padding_1382 0
padding_1383 0
padding_1384 0
padding_1385 0
padding_1386 0
padding_1387 0
padding_1388 0
padding_1389 0
padding_1390 0
padding_1391 0
padding_1392 0
padding_1393 0
padding_1394 0
padding_1395 0
padding_1396 0
padding_1397 0
padding_1398 0
padding_1399 0
padding_1400 0
padding_1401 0
padding_1402 0
padding_1403 0
padding_1404 0
padding_1405 0
padding_1406 0
padding_1407 0
padding_1408 0
padding_1409 0
padding_1410 0
padding_1411 0
padding_1412 0
padding_1413 0
padding_1414 0
padding_1415 0
padding_1416 0
padding_1417 0
padding_1418 0
padding_1419 0
padding_1420 0
padding_1421 0
padding_1422 0
padding_1423 0
padding_1424 0
padding_1425 0
padding_1426 0
padding_1427 0
padding_1428 0
padding_1429 0
padding_1430 0
padding_1431 0
padding_1432 0
padding_1433 0
padding_1434 0
padding_1435 0
padding_1436 0
padding_1437 0
padding_1438 0
padding_1439 0
padding_1440 0
padding_1441 0
padding_1442 0
padding_1443 0
padding_1444 0
padding_1445 0
padding_1446 0
padding_1447 0
padding_1448 0
padding_1449 0
padding_1450 0
padding_1451 0
padding_1452 0
padding_1453 0
padding_1454 0
padding_1455 0
padding_1456 0
padding_1457 0
padding_1458 0
padding_1459 0
padding_1460 0
padding_1461 0
padding_1462 0
padding_1463 0
padding_1464 0
padding_1465 0
padding_1466 0
padding_1467 0
padding_1468 0
padding_1469 0
padding_1470 0
padding_1471 0
padding_1472 0
padding_1473 0
padding_1474 0
padding_1475 0
padding_1476 0
padding_1477 0
padding_1478 0
padding_1479 0
padding_1480 0
padding_1481 0
padding_1482 0
padding_1483 0
padding_1484 0
padding_1485 0
padding_1486 0
padding_1487 0
padding_1488 0
padding_1489 0
padding_1490 0
padding_1491 0
padding_1492 0
padding_1493 0
padding_1494 0
padding_1495 0
padding_1496 0
padding_1497 0
padding_1498 0
padding_1499 0
padding_1500 0
padding_1501 0
padding_1502 0
padding_1503 0
padding_1504 0
padding_1505 0
padding_1506 0
padding_1507 0
padding_1508 0
padding_1509 0
padding_1510 0
padding_1511 0
padding_1512 0
padding_1513 0
padding_1514 0
padding_1515 0
padding_1516 0
padding_1517 0
padding_1518 0
padding_1519 0
padding_1520 0
padding_1521 0
padding_1522 0
padding_1523 0
padding_1524 0
padding_1525 0
padding_1526 0
padding_1527 0
padding_1528 0
padding_1529 0
padding_1530 0
padding_1531 0
padding_1532 0
padding_1533 0
padding_1534 0
padding_1535 0
padding_1536 0
padding_1537 0
padding_1538 0
padding_1539 0
padding_1540 0
padding_1541 0
padding_1542 0
padding_1543 0
padding_1544 0
padding_1545 0
padding_1546 0
padding_1547 0
padding_1548 0
padding_1549 0
padding_1550 0
padding_1551 0
padding_1552 0
padding_1553 0
padding_1554 0
padding_1555 0
padding_1556 0
padding_1557 0
padding_1558 0
padding_1559 0
padding_1560 0
padding_1561 0
padding_1562 0
padding_1563 0
padding_1564 0
padding_1565 0
padding_1566 0
padding_1567 0
padding_1568 0
padding_1569 0
padding_1570 0
padding_1571 0
padding_1572 0
padding_1573 0
padding_1574 0
padding_1575 0
padding_1576 0
padding_1577 0
padding_1578 0
padding_1579 0
padding_1580 0
padding_1581 0
padding_1582 0
padding_1583 0
padding_1584 0
padding_1585 0
padding_1586 0
padding_1587 0
padding_1588 0
padding_1589 0
padding_1590 0
padding_1591 0
padding_1592 0
padding_1593 0
padding_1594 0
padding_1595 0
padding_1596 0
padding_1597 0
padding_1598 0
padding_1599 0
padding_1600 0
padding_1601 0
padding_1602 0
padding_1603 0
padding_1604 0
padding_1605 0
padding_1606 0
padding_1607 0
padding_1608 0
padding_1609 0
padding_1610 0
padding_1611 0
padding_1612 0
padding_1613 0
padding_1614 0
padding_1615 0
padding_1616 0
padding_1617 0
padding_1618 0
padding_1619 0
padding_1620 0
padding_1621 0
padding_1622 0
padding_1623 0
padding_1624 0
padding_1625 0
padding_1626 0
padding_1627 0
padding_1628 0
padding_1629 0
padding_1630 0
padding_1631 0
padding_1632 0
padding_1633 0
padding_1634 0
padding_1635 0
padding_1636 0
padding_1637 0
padding_1638 0
padding_1639 0
padding_1640 0
padding_1641 0
padding_1642 0
padding_1643 0
padding_1644 0
padding_1645 0
padding_1646 0
padding_1647 0
padding_1648 0
padding_1649 0
padding_1650 0
padding_1651 0
padding_1652 0
padding_1653 0
padding_1654 0
padding_1655 0
padding_1656 0
padding_1657 0
padding_1658 0
padding_1659 0
padding_1660 0
padding_1661 0
padding_1662 0
padding_1663 0
padding_1664 0
padding_1665 0
padding_1666 0
padding_1667 0
padding_1668 0
padding_1669 0
padding_1670 0
padding_1671 0
padding_1672 0
padding_1673 0
padding_1674 0
padding_1675 0
padding_1676 0
padding_1677 0
padding_1678 0
padding_1679 0
padding_1680 0
padding_1681 0
padding_1682 0
padding_1683 0
padding_1684 0
padding_1685 0
padding_1686 0
padding_1687 0
padding_1688 0
padding_1689 0
padding_1690 0
padding_1691 0
padding_1692 0
padding_1693 0
padding_1694 0
padding_1695 0
padding_1696 0
padding_1697 0
padding_1698 0
padding_1699 0
padding_1700 0
padding_1701 0
padding_1702 0
padding_1703 0
padding_1704 0
padding_1705 0
padding_1706 0
padding_1707 0
padding_1708 0
padding_1709 0
padding_1710 0
padding_1711 0
padding_1712 0
padding_1713 0
padding_1714 0
padding_1715 0
