560605915280605184
560606018678583296
560606206386253824
560606256348807168
560606439488487424
560607485191786497
560607626426609664
560608430864334849
560608540734537728
560608544299294720
560608661714636802
560608780560654336
560608799472766977
560609384179707905
560610154853326850
560610783034228737
560610843986235392
560610856954634240
560611269699334144
560611412373151744
560611545361551360
560611696663085057
560611791118819328
560612456138297344
560613159552425984
560613198647549952
560614573363826688
560616246098804736
560616310225137665
560616591306395649
560617060561346560
560617609583149056
560618285281329152
560618300909318145
560618427488813057
560618569256681472
560618768293199872
560618946194186241
560619198507126786
560619432167628800
560619896196067328
560620497650475009
561235680106655744
561235894834040832
561236152779542529
561236171268059137
561236265610510336
561236302239379456
561236569697583104
561236641734733824
561236744733880321
561237486299381761
561237645280694272
561237650225786880
561645111839563776
561645377829748736
561646314241273856
561646353026408449
