560617060561346560
560613159552425984
560608661714636802
561236265610510336
561236171268059137
560608780560654336
560617609583149056
560614102935285761
560618768293199872
561236662760767490
560609384179707905
561645111839563776
560619198507126786
560613198647549952
560618563569192961
561236302239379456
560611696663085057
560610154853326850
560619432167628800
561237462295785472
560615793084608512
561646353026408449
561236152779542529
561236095648948224
561235703519252481
561237486299381761
561645132420612097
560608544299294720
560607922888380416
560617478389514240
560614628724469762
560611412373151744
560606206386253824
560608799472766977
560614573363826688
560614224083582976
561646006043815937
560607210624258049
560608540734537728
561235894834040832
561237645280694272
560616310225137665
560606439488487424
560606559504318464
560616246098804736
560606256348807168
561236104310190080
560613401647276032
561236910111457280
560609240738299904
560615720070180864
561236641734733824
561235680106655744
561237650225786880
560613286606303232
561644980712644608
561236548596023296
560605778093301760
560618946194186241
560609610113900544
560619896196067328
560618569256681472
560614746719014912
560606018678583296
560611791118819328
560616503146741761
560607485191786497
560616387492995074
560611571215630337
560620127272456192
560617070904492032
561236743442014209
560611359834898432
561235907769286657
561645257432236032
560617441990963201
560608486795771904
560607695745458176
561646370843807745
560607689567662081
560620285398097920
560615599555223552
560620497650475009
560611322099171329
560617552213458946
560616316097548289
560618994701697024
560611691176939521
560607626426609664
561645847587594241
560613324183052289
560608430864334849
561645407504453632
561235863665799168
560619812066713601
560616763914993665
561645050858573824
560618096734777344
560605915280605184
560612306284208128
560610577974714368
560619058928701440
560613339639070722
560610843986235392
560606395272560640
561236569697583104
560618285281329152
560608771970699264
561646314241273856
560619561897054208
560611269699334144
560606110361452546
560620206536417280
560612456138297344
560611545361551360
560610856954634240
560616591306395649
561646440687370240
560618427488813057
560618300909318145
560613222076538880
560611226799972352
560617712955961344
560613997724987392
560610864441483266
560610783034228737
561645948183785475
560609413728202752
561645377829748736
561645110895448065
560617271802867713
561237524530868224
561236744733880321
560616441410764803
