560605150881267713
560605217155080192
560605256632250369
560605399775457281
560605531199766528
560605580239204352
560605607615803393
560605648719990786
560605706811080705
560605750184009729
560605751161667584
560605895336685568
560605915280605184
560605967352479745
560606005898117120
560606018678583296
560606049955487744
560606112203161600
560606206386253824
560606211892969472
560606256348807168
560606327374749696
560606403552104448
560606439488487424
560606591062245376
560606729172701184
560606737775226880
560606787263397888
560606869153017856
560606874622361600
560606916414418944
560606942163636225
560606985130115072
560607044055879680
560607109021450240
560607169633333251
560607296716537860
560607385325420546
560607386373591040
560607465973501952
560607485191786497
560607564224671744
560607626426609664
560607810657222656
560607856513523712
560607899756400641
560608246604779521
560608270851661825
560608284265029632
560608421863366657
560608430864334849
560608540734537728
560608544299294720
560608661077098497
560608661714636802
560608718572634112
560608780560654336
560608799472766977
560608826307530753
560608940443316224
560608963579092994
560609002166288384
560609003848232960
560609022428975105
560609072509370368
560609073083584512
560609137818865664
560609219200974848
560609384179707905
560609420929810432
560609431915069441
560609578132733954
560609595421229056
560609639621226496
560609685586182146
560609698064662528
560609719388479488
560609720340201472
560609792331628545
560609895087497217
560609919817515009
560609950129324033
560609988079415297
560610136960802816
560610154853326850
560610186340352001
560610223707389952
560610238915948544
560610285414010880
560610432994398208
560610531393150976
560610576049917952
560610652943683586
560610675081220096
560610713803038721
560610726373367808
560610783034228737
560610843986235392
560610856845574144
560610856954634240
560610942627495936
560610949376126978
560610962055921664
560610970456690689
560610993198620672
560611005181726720
560611034462187520
560611043458965504
560611076661067776
560611087075119105
560611109363646464
560611267543449600
560611269699334144
560611355305070592
560611362552819713
560611390063263744
560611412373151744
560611424972443648
560611428785455105
560611435659546626
560611482631954434
560611545361551360
560611550122086401
560611570150281216
560611585043881986
560611608007675905
560611620460572674
560611655600467968
560611681110597633
560611696663085057
560611780309700608
560611791118819328
560611820130406400
560611831757025282
560612085332447232
560612161580724224
560612250759593984
560612257546383360
560612268887384064
560612270531559424
560612335665287168
560612361749680128
560612456138297344
560612496114212865
560612557996572672
560612623549341696
560612686627479552
560612708198793216
560612985476218880
560612988772564993
560613042690355200
560613159552425984
560613161770811393
560613163859996672
560613198647549952
560613238698565633
560613353794838529
560613384161214464
560613437672538112
560613466747056128
560613484061536256
560613569201315840
560613583675879426
560613589413679105
560613610075226113
560613616685432832
560613631872626688
560613709932797952
560613870016811008
560614098925146112
560614201043853312
560614433308045312
560614536873377793
560614536860819456
560614563750486017
560614573363826688
560614580905197569
560614599872225280
560614663986372608
560614679803076608
560614821616693248
560614869678821376
560615011186663424
560615078484258816
560615140286922752
560615191537549312
560615283355058177
560615300463611904
560615337788706816
560615429576470528
560615514834087936
560615567368155136
560615718077886464
560615747869609984
560615803859775488
560616075029540865
560616151500062721
560616189492494339
560616246098804736
560616310225137665
560616493587525633
560616591306395649
560616601905819648
560616730993897472
560616733359497216
560616772802715648
560616775965237248
560616830210170880
560616847629115394
560617015958708224
560617060561346560
560617120472387585
560617241411350529
560617289523806209
560617322994753537
560617331463032833
560617372352917504
560617414400802817
560617446160465920
560617448756355072
560617609583149056
560617666961235969
560617756622876673
560617836935004160
560617881625714688
560617905499668480
560618117571682305
560618260421701632
560618285281329152
560618300909318145
560618331334385665
560618427488813057
560618569256681472
560618571869736960
560618577611751424
560618601817071617
560618617151041536
560618646037217282
560618648574754816
560618663640702977
560618711518691328
560618768293199872
560618946194186241
560618975969968128
560619000317890560
560619060254482433
560619130202894338
560619198507126786
560619432167628800
560619590934208512
560619707527876608
560619855825866752
560619896196067328
560619895935614976
560619897340710912
560619930249609218
560620123241734146
560620158952013826
560620166786998272
560620177180475392
560620389702070272
560620497298526208
560620497650475009
560620686499393536
561235470718615553
561235504356536320
561235570475540481
561235680106655744
561235733353349120
561235827775524864
561235894834040832
561235947027959809
561235995060744192
561235997049245696
561236152779542529
561236168394956803
561236171268059137
561236179820232706
561236180227076097
561236184681041920
561236189005774848
561236196752637953
561236221486460929
561236228348342272
561236241010941952
561236242596392960
561236249873498112
561236258522140672
561236265610510336
561236290801504257
561236302239379456
561236306404315136
561236309986246657
561236321419526144
561236327832616960
561236340470460416
561236353611206656
561236362922573824
561236409223499777
561236416408322048
561236428169166848
561236432011149314
561236434112106496
561236436457103360
561236446569578496
561236449266515969
561236453473415169
561236453653360640
561236462344359936
561236468870692866
561236497635221505
561236501024215041
561236505914802176
561236511950405633
561236569697583104
561236581886230528
561236591281045504
561236641734733824
561236744733880321
561236754896654337
561236813256617984
561236816695533568
561236883490209793
561237020102893569
561237257399832576
561237336017874945
561237359518556160
561237364668768256
561237406276648960
561237416720465920
561237433971650560
561237442691620864
561237472005615616
561237486299381761
561237495988633600
561237499616706562
561237506453422081
561237516716879873
561237519497707520
561237526930030594
561237533347291136
561237536174272512
561237538720202752
561237554016436224
561237577492348928
561237593137111040
561237597616611329
561237603035656193
561237603320475649
561237604583342082
561237629153591296
561237633477931008
561237643397435392
561237645280694272
561237650225786880
561644911611506688
561644959413960704
561645111839563776
561645164741943296
561645255624503296
561645256312389635
561645336746147840
561645377829748736
561645713658896384
561645772949569537
561645900683300864
561645902453288962
561646028089090048
561646246704971776
561646314241273856
561646353026408449
561646360882335744
561646445200441346
